2.71828
2.71828
2.721
2.721
2.72372
2.72373
2.72645
2.72645
2.72918
2.72918
2.73191
2.73191
2.73464
2.73465
2.73738
2.73739
2.74012
2.74013
2.74286
2.74287
2.7456
2.74561
2.74835
2.74836
2.7511
2.75111
2.75385
2.75387
2.75661
2.75662
2.75936
2.75938
2.76212
2.76214
2.76489
2.76491
2.76765
2.76767
2.77042
2.77044
2.77319
2.77321
2.77597
2.77599
2.77875
2.77877
2.78153
2.78155
2.78431
2.78433
2.7871
2.78712
2.78988
2.78991
2.79268
2.7927
2.79547
2.79549
2.79827
2.79829
2.80107
2.80109
2.80387
2.80389
2.80667
2.8067
2.80948
2.80951
2.81229
2.81232
2.81511
2.81513
2.81792
2.81795
2.82074
2.82077
2.82356
2.82359
2.82639
2.82641
2.82922
2.82924
2.83205
2.83207
2.83488
2.83491
2.83772
2.83774
2.84056
2.84058
2.8434
2.84342
2.84624
2.84627
2.84909
2.84911
2.85194
2.85196
2.85479
2.85482
2.85765
2.85767
2.86051
2.86053
2.86337
2.86339
2.86624
2.86626
2.8691
2.86913
2.87198
2.872
2.87485
2.87487
2.87772
2.87775
2.8806
2.88062
2.88349
2.88351
2.88637
2.88639
2.88926
2.88928
2.89215
2.89217
2.89504
2.89506
2.89794
2.89796
2.90084
2.90086
2.90374
2.90376
2.90665
2.90666
2.90955
2.90957
2.91247
2.91248
2.91538
2.91539
2.9183
2.91831
2.92122
2.92123
2.92414
2.92415
2.92706
2.92708
2.92999
2.93001
2.93292
2.93294
2.93586
2.93587
2.9388
2.93881
2.94174
2.94175
2.94468
2.94469
2.94763
2.94763
2.95057
2.95058
2.95353
2.95353
2.95648
2.95649
2.95944
2.95945
2.9624
2.96241
2.96536
2.96537
2.96833
2.96834
2.9713
2.97131
2.97427
2.97428
2.97725
2.97725
2.98023
2.98023
2.98321
2.98321
2.98619
2.9862
2.98918
2.98918
2.99217
2.99218
2.99517
2.99517
2.99816
2.99816
3.00116
3.00116
3.00417
3.00417
3.00717
3.00717
3.01018
3.01018
3.01319
3.01319
3.01621
3.01621
3.01922
3.01922
3.02225
3.02224
3.02527
3.02527
3.0283
3.02829
3.03133
3.03132
3.03436
3.03435
3.03739
3.03739
3.04043
3.04043
3.04348
3.04347
3.04652
3.04652
3.04957
3.04956
3.05262
3.05261
3.05567
3.05567
3.05873
3.05873
3.06179
3.06179
3.06485
3.06485
3.06792
3.06791
3.07099
3.07098
3.07406
3.07406
3.07714
3.07713
3.08022
3.08021
3.0833
3.08329
3.08638
3.08638
3.08947
3.08946
3.09256
3.09256
3.09566
3.09565
3.09875
3.09875
3.10185
3.10185
3.10496
3.10495
3.10806
3.10806
3.11117
3.11117
3.11429
3.11428
3.1174
3.11739
3.12052
3.12051
3.12364
3.12364
3.12677
3.12676
3.1299
3.12989
3.13303
3.13302
3.13616
3.13615
3.1393
3.13929
3.14244
3.14243
3.14559
3.14558
3.14873
3.14872
3.15188
3.15188
3.15504
3.15503
3.15819
3.15819
3.16135
3.16135
3.16452
3.16451
3.16768
3.16767
3.17085
3.17084
3.17402
3.17402
3.1772
3.17719
3.18038
3.18037
3.18356
3.18355
3.18674
3.18674
3.18993
3.18993
3.19312
3.19312
3.19632
3.19631
3.19952
3.19951
3.20272
3.20271
3.20592
3.20592
3.20913
3.20912
3.21234
3.21234
3.21556
3.21555
3.21877
3.21877
3.22199
3.22199
3.22522
3.22521
3.22844
3.22844
3.23167
3.23167
3.23491
3.2349
3.23814
3.23814
3.24138
3.24138
3.24463
3.24462
3.24787
3.24787
3.25112
3.25112
3.25437
3.25437
3.25763
3.25763
3.26089
3.26089
3.26415
3.26415
3.26742
3.26742
3.27069
3.27068
3.27396
3.27396
3.27723
3.27723
3.28051
3.28051
3.2838
3.28379
3.28708
3.28708
3.29037
3.29037
3.29366
3.29366
3.29696
3.29696
3.30026
3.30026
3.30356
3.30356
3.30686
3.30686
3.31017
3.31017
3.31348
3.31348
3.3168
3.3168
3.32012
3.32012
3.32344
3.32344
3.32676
3.32676
3.33009
3.33009
3.33342
3.33342
3.33676
3.33676
3.3401
3.3401
3.34344
3.34344
3.34678
3.34679
3.35013
3.35013
3.35348
3.35349
3.35684
3.35684
3.3602
3.3602
3.36356
3.36356
3.36693
3.36693
3.37029
3.3703
3.37367
3.37367
3.37704
3.37704
3.38042
3.38042
3.3838
3.3838
3.38719
3.38719
3.39058
3.39058
3.39397
3.39397
3.39736
3.39737
3.40076
3.40077
3.40417
3.40417
3.40757
3.40757
3.41098
3.41098
3.41439
3.4144
3.41781
3.41781
3.42123
3.42123
3.42465
3.42465
3.42808
3.42808
3.43151
3.43151
3.43494
3.43494
3.43838
3.43838
3.44182
3.44182
3.44526
3.44526
3.44871
3.44871
3.45216
3.45216
3.45561
3.45562
3.45907
3.45907
3.46253
3.46253
3.466
3.466
3.46946
3.46947
3.47293
3.47294
3.47641
3.47641
3.47989
3.47989
3.48337
3.48337
3.48685
3.48686
3.49034
3.49034
3.49384
3.49384
3.49733
3.49733
3.50083
3.50083
3.50433
3.50433
3.50784
3.50784
3.51135
3.51135
3.51486
3.51486
3.51838
3.51838
3.5219
3.5219
3.52542
3.52542
3.52895
3.52895
3.53248
3.53248
3.53601
3.53602
3.53955
3.53955
3.54309
3.54309
3.54664
3.54664
3.55019
3.55019
3.55374
3.55374
3.55729
3.5573
3.56085
3.56085
3.56442
3.56442
3.56798
3.56798
3.57155
3.57155
3.57512
3.57513
3.5787
3.5787
3.58228
3.58228
3.58587
3.58587
3.58945
3.58946
3.59304
3.59305
3.59664
3.59664
3.60024
3.60024
3.60384
3.60384
3.60745
3.60745
3.61106
3.61106
3.61467
3.61467
3.61828
3.61829
3.6219
3.62191
3.62553
3.62553
3.62916
3.62916
3.63279
3.63279
3.63642
3.63642
3.64006
3.64006
3.6437
3.6437
3.64735
3.64735
3.651
3.651
3.65465
3.65465
3.65831
3.65831
3.66197
3.66197
3.66563
3.66563
3.6693
3.6693
3.67297
3.67297
3.67664
3.67664
3.68032
3.68032
3.684
3.684
3.68769
3.68769
3.69138
3.69138
3.69507
3.69507
3.69877
3.69877
3.70247
3.70247
3.70617
3.70617
3.70988
3.70988
3.71359
3.71359
3.71731
3.71731
3.72103
3.72103
3.72475
3.72475
3.72848
3.72848
3.73221
3.73221
3.73594
3.73594
3.73968
3.73968
3.74342
3.74342
3.74717
3.74716
3.75092
3.75091
3.75467
3.75467
3.75843
3.75842
3.76219
3.76218
3.76595
3.76595
3.76972
3.76971
3.77349
3.77348
3.77726
3.77726
3.78104
3.78104
3.78483
3.78482
3.78861
3.78861
3.7924
3.7924
3.7962
3.79619
3.8
3.79999
3.8038
3.80379
3.8076
3.8076
3.81141
3.81141
3.81523
3.81522
3.81904
3.81904
3.82286
3.82286
3.82669
3.82668
3.83052
3.83051
3.83435
3.83434
3.83819
3.83818
3.84203
3.84202
3.84587
3.84586
3.84972
3.84971
3.85357
3.85356
3.85743
3.85742
3.86128
3.86128
3.86515
3.86514
3.86902
3.86901
3.87289
3.87288
3.87676
3.87675
3.88064
3.88063
3.88452
3.88452
3.88841
3.8884
3.8923
3.89229
3.89619
3.89619
3.90009
3.90009
3.90399
3.90399
3.9079
3.90789
3.91181
3.9118
3.91572
3.91572
3.91964
3.91963
3.92356
3.92356
3.92749
3.92748
3.93142
3.93141
3.93535
3.93535
3.93929
3.93928
3.94323
3.94322
3.94717
3.94717
3.95112
3.95112
3.95508
3.95507
3.95903
3.95903
3.96299
3.96299
3.96696
3.96695
3.97093
3.97092
3.9749
3.9749
3.97888
3.97887
3.98286
3.98286
3.98684
3.98684
3.99083
3.99083
3.99483
3.99482
3.99882
3.99882
4.00282
4.00282
4.00683
4.00683
4.01084
4.01083
4.01485
4.01485
4.01887
4.01886
4.02289
4.02289
4.02691
4.02691
4.03094
4.03094
4.03497
4.03497
4.03901
4.03901
4.04305
4.04305
4.0471
4.0471
4.05115
4.05115
4.0552
4.0552
4.05926
4.05926
4.06332
4.06332
4.06738
4.06738
4.07145
4.07145
4.07553
4.07553
4.0796
4.07961
4.08369
4.08369
4.08777
4.08777
4.09186
4.09186
4.09596
4.09596
4.10005
4.10006
4.10416
4.10416
4.10826
4.10827
4.11237
4.11238
4.11649
4.11649
4.12061
4.12061
4.12473
4.12473
4.12885
4.12886
4.13299
4.13299
4.13712
4.13713
4.14126
4.14127
4.1454
4.14541
4.14955
4.14956
4.1537
4.15371
4.15786
4.15787
4.16202
4.16203
4.16618
4.16619
4.17035
4.17036
4.17452
4.17453
4.1787
4.17871
4.18288
4.18289
4.18706
4.18708
4.19125
4.19127
4.19545
4.19546
4.19965
4.19966
4.20385
4.20386
4.20805
4.20807
4.21226
4.21228
4.21648
4.21649
4.2207
4.22071
4.22492
4.22493
4.22915
4.22916
4.23338
4.23339
4.23761
4.23763
4.24185
4.24187
4.2461
4.24611
4.25034
4.25036
4.2546
4.25461
4.25885
4.25887
4.26311
4.26313
4.26738
4.2674
4.27165
4.27167
4.27592
4.27594
4.2802
4.28022
4.28448
4.2845
4.28877
4.28879
4.29306
4.29308
4.29736
4.29737
4.30166
4.30167
4.30596
4.30598
4.31027
4.31028
4.31458
4.3146
4.3189
4.31891
4.32322
4.32324
4.32754
4.32756
4.33187
4.33189
4.33621
4.33622
4.34055
4.34056
4.34489
4.34491
4.34924
4.34925
4.35359
4.3536
4.35794
4.35796
4.3623
4.36232
4.36667
4.36668
4.37104
4.37105
4.37541
4.37542
4.37979
4.3798
4.38417
4.38418
4.38855
4.38857
4.39295
4.39296
4.39734
4.39735
4.40174
4.40175
4.40614
4.40616
4.41055
4.41057
4.41497
4.41498
4.41938
4.41939
4.4238
4.42381
4.42823
4.42824
4.43266
4.43267
4.4371
4.4371
4.44153
4.44154
4.44598
4.44599
4.45043
4.45043
4.45488
4.45489
4.45934
4.45934
4.4638
4.4638
4.46826
4.46827
4.47273
4.47274
4.47721
4.47721
4.48169
4.48169
