0.0384615
0.0384615
0.0385356
0.0391898
0.0386099
0.0398955
0.0386844
0.040579
0.0387591
0.0412404
0.038834
0.0418802
0.0389091
0.0424986
0.0389845
0.0430959
0.0390601
0.0436725
0.0391358
0.0442285
0.0392118
0.0447643
0.0392881
0.0452801
0.0393645
0.0457764
0.0394412
0.0462533
0.039518
0.0467112
0.0395951
0.0471503
0.0396725
0.047571
0.03975
0.0479735
0.0398278
0.0483582
0.0399058
0.0487253
0.039984
0.0490751
0.0400625
0.0494079
0.0401411
0.049724
0.04022
0.0500238
0.0402992
0.0503074
0.0403785
0.0505752
0.0404581
0.0508275
0.040538
0.0510646
0.040618
0.0512867
0.0406983
0.0514942
0.0407789
0.0516874
0.0408596
0.0518665
0.0409407
0.0520319
0.0410219
0.0521838
0.0411034
0.0523225
0.0411851
0.0524483
0.0412671
0.0525616
0.0413493
0.0526625
0.0414317
0.0527515
0.0415144
0.0528287
0.0415973
0.0528946
0.0416805
0.0529493
0.0417639
0.0529932
0.0418476
0.0530266
0.0419315
0.0530497
0.0420157
0.0530629
0.0421001
0.0530665
0.0421848
0.0530607
0.0422697
0.0530458
0.0423549
0.0530221
0.0424403
0.05299
0.042526
0.0529497
0.0426119
0.0529015
0.0426981
0.0528457
0.0427846
0.0527826
0.0428713
0.0527125
0.0429583
0.0526357
0.0430455
0.0525524
0.043133
0.052463
0.0432208
0.0523678
0.0433088
0.052267
0.0433971
0.052161
0.0434856
0.0520501
0.0435745
0.0519344
0.0436635
0.0518144
0.0437529
0.0516903
0.0438425
0.0515625
0.0439324
0.0514311
0.0440226
0.0512966
0.0441131
0.0511591
0.0442038
0.0510191
0.0442948
0.0508767
0.0443861
0.0507323
0.0444776
0.0505862
0.0445694
0.0504386
0.0446615
0.0502899
0.0447539
0.0501403
0.0448466
0.0499902
0.0449396
0.0498398
0.0450328
0.0496895
0.0451264
0.0495395
0.0452202
0.0493901
0.0453143
0.0492416
0.0454087
0.0490943
0.0455034
0.0489485
0.0455983
0.0488045
0.0456936
0.0486625
0.0457892
0.048523
0.045885
0.0483861
0.0459812
0.0482522
0.0460776
0.0481216
0.0461744
0.0479945
0.0462714
0.0478712
0.0463688
0.0477521
0.0464665
0.0476374
0.0465644
0.0475275
0.0466627
0.0474225
0.0467613
0.0473229
0.0468601
0.0472289
0.0469593
0.0471408
0.0470588
0.0470588
0.0471586
0.0469833
0.0472588
0.0469142
0.0473592
0.0468514
0.0474599
0.0467949
0.047561
0.0467446
0.0476624
0.0467003
0.0477641
0.0466621
0.0478661
0.0466299
0.0479685
0.0466035
0.0480711
0.0465829
0.0481741
0.046568
0.0482775
0.0465587
0.0483811
0.0465551
0.0484851
0.0465569
0.0485894
0.0465641
0.048694
0.0465767
0.048799
0.0465945
0.0489043
0.0466175
0.0490099
0.0466456
0.0491159
0.0466787
0.0492222
0.0467168
0.0493289
0.0467597
0.0494359
0.0468075
0.0495432
0.0468599
0.0496509
0.046917
0.0497589
0.0469787
0.0498673
0.0470449
0.049976
0.0471155
0.0500851
0.0471904
0.0501945
0.0472696
0.0503043
0.0473529
0.0504144
0.0474404
0.0505249
0.0475319
0.0506357
0.0476274
0.0507469
0.0477267
0.0508585
0.0478298
0.0509704
0.0479367
0.0510827
0.0480472
0.0511953
0.0481612
0.0513084
0.0482788
0.0514217
0.0483998
0.0515355
0.0485241
0.0516496
0.0486517
0.0517641
0.0487824
0.051879
0.0489163
0.0519942
0.0490532
0.0521099
0.0491931
0.0522259
0.0493358
0.0523423
0.0494814
0.052459
0.0496297
0.0525762
0.0497806
0.0526937
0.0499341
0.0528116
0.0500901
0.0529299
0.0502485
0.0530486
0.0504092
0.0531677
0.0505723
0.0532872
0.0507375
0.0534071
0.0509048
0.0535274
0.0510741
0.0536481
0.0512455
0.0537692
0.0514186
0.0538906
0.0515936
0.0540125
0.0517704
0.0541348
0.0519488
0.0542575
0.0521287
0.0543806
0.0523102
0.0545042
0.052493
0.0546281
0.0526773
0.0547524
0.0528628
0.0548772
0.0530494
0.0550024
0.0532372
0.055128
0.0534261
0.055254
0.0536159
0.0553805
0.0538066
0.0555074
0.053998
0.0556347
0.0541903
0.0557624
0.0543831
0.0558906
0.0545766
0.0560192
0.0547705
0.0561482
0.0549649
0.0562777
0.0551597
0.0564076
0.0553547
0.056538
0.0555498
0.0566688
0.0557452
0.0568
0.0559405
0.0569317
0.0561358
0.0570639
0.056331
0.0571965
0.056526
0.0573295
0.0567208
0.057463
0.0569152
0.057597
0.0571092
0.0577314
0.0573027
0.0578663
0.0574956
0.0580016
0.0576879
0.0581374
0.0578794
0.0582737
0.0580701
0.0584104
0.05826
0.0585477
0.0584489
0.0586854
0.0586368
0.0588235
0.0588235
0.0589622
0.0590091
0.0591013
0.0591935
0.0592409
0.0593768
0.059381
0.059559
0.0595216
0.0597401
0.0596627
0.0599201
0.0598042
0.0600991
0.0599463
0.060277
0.0600888
0.060454
0.0602319
0.06063
0.0603754
0.060805
0.0605195
0.0609791
0.0606641
0.0611523
0.0608091
0.0613246
0.0609547
0.0614961
0.0611008
0.0616668
0.0612474
0.0618366
0.0613945
0.0620057
0.0615422
0.062174
0.0616903
0.0623415
0.061839
0.0625084
0.0619882
0.0626745
0.0621379
0.0628401
0.0622882
0.0630049
0.062439
0.0631692
0.0625904
0.0633328
0.0627422
0.0634959
0.0628947
0.0636584
0.0630476
0.0638205
0.0632011
0.063982
0.0633552
0.064143
0.0635098
0.0643037
0.063665
0.0644638
0.0638207
0.0646236
0.063977
0.064783
0.0641338
0.064942
0.0642912
0.0651008
0.0644492
0.0652592
0.0646077
0.0654173
0.0647668
0.0655751
0.0649265
0.0657328
0.0650868
0.0658902
0.0652476
0.0660474
0.0654091
0.0662045
0.0655711
0.0663614
0.0657337
0.0665182
0.0658969
0.0666749
0.0660607
0.0668316
0.0662251
0.0669882
0.06639
0.0671447
0.0665556
0.0673013
0.0667218
0.0674579
0.0668886
0.0676146
0.067056
0.0677713
0.0672241
0.0679281
0.0673927
0.0680851
0.067562
0.0682422
0.0677319
0.0683995
0.0679024
0.0685569
0.0680735
0.0687146
0.0682453
0.0688725
0.0684177
0.0690307
0.0685908
0.0691891
0.0687644
0.0693479
0.0689388
0.069507
0.0691138
0.0696665
0.0692894
0.0698263
0.0694657
0.0699866
0.0696426
0.0701473
0.0698202
0.0703084
0.0699985
0.07047
0.0701774
0.0706322
0.070357
0.0707948
0.0705373
0.070958
0.0707182
0.0711218
0.0708999
0.0712861
0.0710822
0.0714511
0.0712652
0.0716167
0.0714489
0.071783
0.0716332
0.07195
0.0718183
0.0721177
0.0720041
0.0722862
0.0721906
0.0724554
0.0723778
0.0726254
0.0725656
0.0727962
0.0727543
0.0729678
0.0729436
0.0731403
0.0731336
0.0733137
0.0733244
0.073488
0.0735159
0.0736632
0.0737081
0.0738394
0.0739011
0.0740165
0.0740948
0.0741947
0.0742892
0.0743738
0.0744844
0.074554
0.0746804
0.0747353
0.0748771
0.0749177
0.0750745
0.0751012
0.0752727
0.0752859
0.0754717
0.0754717
0.0756714
0.0756587
0.075872
0.0758469
0.0760733
0.0760363
0.0762753
0.0762269
0.0764782
0.0764186
0.0766818
0.0766116
0.0768863
0.0768057
0.0770915
0.077001
0.0772975
0.0771976
0.0775044
0.0773953
0.077712
0.0775942
0.0779205
0.0777942
0.0781297
0.0779955
0.0783398
0.078198
0.0785507
0.0784016
0.0787625
0.0786064
0.0789751
0.0788124
0.0791885
0.0790196
0.0794027
0.079228
0.0796178
0.0794375
0.0798338
0.0796483
0.0800506
0.0798602
0.0802683
0.0800733
0.0804868
0.0802876
0.0807062
0.0805031
0.0809264
0.0807197
0.0811476
0.0809375
0.0813696
0.0811566
0.0815925
0.0813767
0.0818163
0.0815981
0.082041
0.0818207
0.0822666
0.0820444
0.0824931
0.0822693
0.0827205
0.0824954
0.0829488
0.0827226
0.0831781
0.0829511
0.0834082
0.0831807
0.0836393
0.0834115
0.0838713
0.0836434
0.0841043
0.0838766
0.0843382
0.0841109
0.084573
0.0843464
0.0848088
0.084583
0.0850456
0.0848209
0.0852833
0.0850599
0.085522
0.0853
0.0857616
0.0855414
0.0860023
0.0857839
0.0862439
0.0860276
0.0864865
0.0862725
0.0867301
0.0865185
0.0869747
0.0867657
0.0872203
0.0870141
0.0874669
0.0872637
0.0877145
0.0875144
0.0879631
0.0877663
0.0882128
0.0880193
0.0884635
0.0882735
0.0887152
0.0885289
0.088968
0.0887855
0.0892218
0.0890432
0.0894767
0.0893021
0.0897326
0.0895621
0.0899896
0.0898234
0.0902476
0.0900857
0.0905067
0.0903493
0.090767
0.090614
0.0910283
0.0908799
0.0912906
0.0911469
0.0915541
0.0914151
0.0918187
0.0916845
0.0920844
0.091955
0.0923512
0.0922267
0.0926192
0.0924996
0.0928882
0.0927736
0.0931584
0.0930488
0.0934298
0.0933251
0.0937023
0.0936026
0.0939759
0.0938812
0.0942507
0.094161
0.0945267
0.094442
0.0948038
0.0947241
0.0950821
0.0950074
0.0953616
0.0952919
0.0956423
0.0955775
0.0959242
0.0958642
0.0962073
0.0961521
0.0964916
0.0964412
0.0967771
0.0967314
0.0970638
0.0970228
0.0973518
0.0973153
0.097641
0.097609
0.0979314
0.0979039
0.0982231
0.0981999
0.0985161
0.098497
0.0988103
0.0987953
0.0991058
0.0990947
0.0994026
0.0993953
0.0997006
0.0996971
0.1
0.1
0.100301
0.100304
0.100603
0.100609
0.100906
0.100916
0.10121
0.101223
0.101516
0.101532
0.101824
0.101842
0.102132
0.102153
0.102442
0.102466
0.102754
0.102779
0.103066
0.103094
0.10338
0.10341
0.103696
0.103728
0.104013
0.104046
0.104331
0.104366
0.10465
0.104688
0.104971
0.10501
0.105294
0.105334
0.105618
0.10566
0.105943
0.105986
0.10627
0.106314
0.106598
0.106644
0.106928
0.106974
0.107259
0.107307
0.107592
0.10764
0.107926
0.107975
0.108261
0.108311
0.108599
0.108649
0.108937
0.108989
0.109277
0.109329
0.109619
0.109671
0.109962
0.110015
0.110307
0.11036
0.110653
0.110707
0.111001
0.111055
0.111351
0.111405
0.111702
0.111756
0.112055
0.112109
0.112409
0.112463
0.112765
0.112819
0.113122
0.113177
0.113481
0.113536
0.113842
0.113896
0.114204
0.114259
0.114569
0.114623
0.114934
0.114988
0.115302
0.115355
0.115671
0.115724
0.116042
0.116095
0.116414
0.116467
0.116788
0.116841
0.117164
0.117216
0.117542
0.117594
0.117921
0.117973
0.118303
0.118353
0.118686
0.118736
0.11907
0.11912
0.119457
0.119506
0.119845
0.119894
0.120235
0.120284
0.120627
0.120675
0.121021
0.121068
0.121417
0.121463
0.121814
0.12186
0.122214
0.122259
0.122615
0.122659
0.123018
0.123062
0.123423
0.123466
0.12383
0.123872
0.124239
0.12428
0.124649
0.12469
0.125062
0.125102
0.125477
0.125516
0.125893
0.125931
0.126312
0.126349
0.126733
0.126769
0.127155
0.127191
0.12758
0.127614
0.128007
0.12804
0.128435
0.128467
0.128866
0.128897
0.129299
0.129329
0.129734
0.129762
0.130171
0.130198
0.13061
0.130636
0.131051
0.131076
0.131494
0.131518
0.13194
0.131962
0.132387
0.132408
0.132837
0.132857
0.133289
0.133307
0.133743
0.13376
0.134199
0.134214
0.134658
0.134671
0.135119
0.13513
0.135582
0.135592
0.136047
0.136055
0.136515
0.136521
0.136984
0.136989
0.137457
0.137459
0.137931
0.137931
0.138408
0.138406
0.138887
0.138882
0.139368
0.139362
0.139852
0.139843
0.140339
0.140327
0.140827
0.140813
0.141318
0.141302
0.141812
0.141792
0.142308
0.142286
0.142806
0.142782
0.143307
0.14328
0.14381
0.14378
0.144316
0.144284
0.144825
0.144789
0.145336
0.145298
0.145849
0.145809
0.146365
0.146322
0.146884
0.146838
0.147405
0.147357
0.147929
0.147878
0.148456
0.148402
0.148985
0.148928
0.149517
0.149458
0.150051
0.14999
0.150588
0.150525
0.151128
0.151062
0.151671
0.151603
0.152216
0.152146
0.152764
0.152692
0.153315
0.153241
0.153869
0.153793
0.154426
0.154347
0.154985
0.154905
0.155548
0.155465
0.156113
0.156029
0.156681
0.156595
0.157252
0.157165
0.157826
0.157737
0.158403
0.158313
0.158983
0.158891
0.159565
0.159473
0.160151
0.160058
0.16074
0.160646
0.161332
0.161237
0.161927
0.161831
0.162525
0.162428
0.163126
0.163029
0.16373
0.163633
0.164338
0.16424
0.164948
0.16485
0.165562
0.165464
0.166179
0.166081
0.166799
0.166701
0.167423
0.167325
0.16805
0.167952
0.16868
0.168582
0.169313
0.169216
0.16995
0.169853
0.17059
0.170494
0.171233
0.171138
0.17188
0.171786
0.17253
0.172437
0.173183
0.173092
0.17384
0.17375
0.174501
0.174412
0.175165
0.175078
0.175833
0.175747
0.176504
0.17642
0.177179
0.177096
0.177857
0.177776
0.178539
0.17846
0.179224
0.179148
0.179914
0.179839
0.180606
0.180534
0.181303
0.181233
0.182003
0.181936
0.182708
0.182643
0.183416
0.183353
0.184127
0.184067
0.184843
0.184785
0.185562
0.185508
0.186286
0.186234
0.187013
0.186964
0.187744
0.187698
0.188479
0.188436
0.189218
0.189178
0.189961
0.189924
0.190709
0.190674
0.19146
0.191428
0.192215
0.192186
0.192975
0.192949
0.193738
0.193715
0.194506
0.194486
0.195278
0.195261
0.196054
0.19604
0.196835
0.196824
0.19762
0.197611
0.198409
0.198403
0.199202
0.199199
0.2
0.2
0.200802
0.200805
0.201609
0.201614
0.20242
0.202428
0.203236
0.203246
0.204056
0.204068
0.20488
0.204895
0.205709
0.205727
0.206543
0.206563
0.207382
0.207404
0.208225
0.208249
0.209073
0.2091
0.209925
0.209954
0.210783
0.210814
0.211645
0.211678
0.212512
0.212547
0.213383
0.213422
0.21426
0.2143
0.215142
0.215184
0.216028
0.216073
0.21692
0.216967
0.217816
0.217866
0.218718
0.21877
0.219625
0.219678
0.220536
0.220593
0.221453
0.221512
0.222375
0.222436
0.223303
0.223366
0.224235
0.224301
0.225173
0.225241
0.226116
0.226187
0.227065
0.227138
0.228019
0.228094
0.228978
0.229056
0.229943
0.230023
0.230914
0.230996
0.231889
0.231974
0.232871
0.232958
0.233858
0.233948
0.234851
0.234943
0.235849
0.235944
0.236853
0.23695
0.237863
0.237963
0.238879
0.238981
0.2399
0.240005
0.240928
0.241034
0.241961
0.24207
0.243
0.243111
0.244045
0.244159
0.245097
0.245212
0.246154
0.246272
0.247217
0.247338
0.248287
0.248409
0.249363
0.249487
0.250445
0.250571
0.251533
0.251661
0.252627
0.252758
0.253728
0.25386
0.254836
0.254969
0.255949
0.256085
0.257069
0.257206
0.258196
0.258334
0.259329
0.259469
0.260469
0.26061
0.261616
0.261757
0.262769
0.262911
0.263929
0.264072
0.265096
0.265239
0.266269
0.266413
0.267449
0.267594
0.268637
0.268781
0.269831
0.269975
0.271032
0.271176
0.27224
0.272383
0.273456
0.273598
0.274678
0.274819
0.275908
0.276048
0.277145
0.277283
0.278389
0.278525
0.27964
0.279774
0.280899
0.281031
0.282165
0.282294
0.283439
0.283565
0.28472
0.284842
0.286008
0.286127
0.287305
0.287419
0.288609
0.288719
0.28992
0.290025
0.29124
0.291339
0.292567
0.292661
0.293902
0.29399
0.295244
0.295326
0.296595
0.296669
0.297954
0.298021
0.299321
0.299379
0.300695
0.300746
0.302078
0.30212
0.303469
0.303501
0.304869
0.304891
0.306276
0.306288
0.307692
0.307692
0.309117
0.309105
0.310549
0.310525
0.311991
0.311954
0.31344
0.31339
0.314899
0.314834
0.316366
0.316287
0.317841
0.317748
0.319326
0.319217
0.320819
0.320694
0.322321
0.32218
0.323832
0.323675
0.325351
0.325178
0.32688
0.32669
0.328418
0.32821
0.329965
0.32974
0.331521
0.331278
0.333086
0.332825
0.334661
0.334381
0.336245
0.335947
0.337838
0.337522
0.33944
0.339106
0.341052
0.340699
0.342674
0.342302
0.344305
0.343914
0.345946
0.345536
0.347596
0.347167
0.349257
0.348809
0.350926
0.35046
0.352606
0.352121
0.354296
0.353792
0.355995
0.355473
0.357705
0.357164
0.359425
0.358865
0.361154
0.360577
0.362894
0.362298
0.364644
0.364031
0.366404
0.365774
0.368175
0.367527
0.369956
0.369291
0.371747
0.371066
0.373549
0.372851
0.375361
0.374647
0.377184
0.376455
0.379018
0.378273
0.380862
0.380102
0.382717
0.381943
0.384582
0.383795
0.386458
0.385658
0.388346
0.387533
0.390244
0.389419
0.392153
0.391316
0.394073
0.393225
0.396004
0.395146
0.397947
0.397079
0.3999
0.399023
0.401865
0.40098
0.403841
0.402948
0.405828
0.404928
0.407826
0.406921
0.409836
0.408926
0.411857
0.410943
0.41389
0.412972
0.415934
0.415014
0.41799
0.417069
0.420058
0.419136
0.422137
0.421215
0.424228
0.423308
0.42633
0.425413
0.428444
0.427531
0.430571
0.429662
0.432708
0.431806
0.434858
0.433964
0.43702
0.436134
0.439194
0.438318
0.441379
0.440515
0.443577
0.442726
0.445787
0.44495
0.448009
0.447187
0.450243
0.449438
0.452489
0.451703
0.454747
0.453982
0.457018
0.456275
0.4593
0.458581
0.461595
0.460902
0.463903
0.463237
0.466222
0.465585
0.468554
0.467949
0.470898
0.470326
0.473255
0.472718
0.475624
0.475124
0.478006
0.477545
0.4804
0.479981
0.482806
0.482431
0.485225
0.484896
0.487656
0.487376
0.4901
0.48987
0.492556
0.49238
0.495025
0.494905
0.497506
0.497445
0.5
0.5
0.502506
0.50257
0.505025
0.505156
0.507556
0.507756
0.5101
0.510372
0.512656
0.513001
0.515225
0.515645
0.517806
0.518303
0.5204
0.520975
0.523006
0.523661
0.525624
0.526361
0.528255
0.529073
0.530898
0.531799
0.533554
0.534538
0.536222
0.537289
0.538902
0.540053
0.541594
0.542829
0.544299
0.545618
0.547016
0.548418
0.549745
0.551231
0.552486
0.554054
0.555239
0.55689
0.558005
0.559736
0.560782
0.562593
0.563571
0.565461
0.566372
0.56834
0.569184
0.571229
0.572009
0.574128
0.574845
0.577037
0.577692
0.579956
0.580552
0.582885
0.583422
0.585823
0.586304
0.58877
0.589197
0.591726
0.592101
0.594691
0.595017
0.597665
0.597943
0.600647
0.60088
0.603637
0.603828
0.606636
0.606787
0.609642
0.609756
0.612656
0.612736
0.615677
0.615726
0.618705
0.618726
0.621741
0.621736
0.624783
0.624756
0.627832
0.627786
0.630887
0.630825
0.633949
0.633874
0.637016
0.636933
0.64009
0.64
0.643169
0.643076
0.646254
0.646162
0.649344
0.649256
0.652439
0.652358
0.655539
0.655469
0.658643
0.658588
0.661752
0.661715
0.664866
0.664849
0.667983
0.667992
0.671104
0.671141
0.674229
0.674297
0.677358
0.677461
0.68049
0.680631
0.683625
0.683807
0.686762
0.68699
0.689903
0.690179
0.693046
0.693373
0.696191
0.696573
0.699339
0.699778
0.702488
0.702988
0.705639
0.706202
0.708792
0.709421
0.711946
0.712644
0.715101
0.715871
0.718257
0.719101
0.721414
0.722335
0.724571
0.725571
0.727729
0.72881
0.730887
0.732051
0.734045
0.735294
0.737202
0.738539
0.740359
0.741785
0.743516
0.745032
0.746671
0.748279
0.749826
0.751527
0.752979
0.754774
0.756131
0.758021
0.759282
0.761267
0.76243
0.764511
0.765577
0.767754
0.768721
0.770995
0.771863
0.774234
0.775003
0.777469
0.778139
0.780701
0.781273
0.783929
0.784403
0.787154
0.78753
0.790373
0.790653
0.793588
0.793773
0.796797
0.796889
0.8
0.8
0.803197
0.803107
0.806387
0.806209
0.809569
0.809306
0.812744
0.812396
0.81591
0.815481
0.819068
0.818558
0.822216
0.821627
0.825355
0.824689
0.828483
0.827742
0.831601
0.830785
0.834707
0.833819
0.837802
0.836843
0.840884
0.839856
0.843953
0.842857
0.847009
0.845847
0.850051
0.848824
0.853079
0.851789
0.856091
0.85474
0.859088
0.857677
0.862069
0.860599
0.865033
0.863506
0.86798
0.866398
0.870909
0.869274
0.87382
0.872133
0.876712
0.874974
0.879585
0.877798
0.882437
0.880604
0.885269
0.883391
0.88808
0.886159
0.890869
0.888907
0.893635
0.891634
0.896379
0.89434
0.899099
0.897025
0.901795
0.899688
0.904466
0.902329
0.907112
0.904946
0.909732
0.90754
0.912326
0.910109
0.914892
0.912654
0.917431
0.915174
0.919942
0.917668
0.922424
0.920135
0.924877
0.922576
0.9273
0.92499
0.929692
0.927375
0.932053
0.929732
0.934383
0.932061
0.93668
0.934359
0.938945
0.936628
0.941176
0.938866
0.943374
0.941073
0.945537
0.943249
0.947665
0.945392
0.949758
0.947502
0.951814
0.94958
0.953834
0.951623
0.955817
0.953633
0.957763
0.955607
0.95967
0.957546
0.961538
0.959449
0.963368
0.961316
0.965158
0.963146
0.966908
0.964938
0.968617
0.966692
0.970285
0.968408
0.971912
0.970084
0.973497
0.971721
0.975039
0.973318
0.976539
0.974874
0.977995
0.976389
0.979408
0.977861
0.980777
0.979292
0.982101
0.98068
0.983381
0.982024
0.984615
0.983325
0.985804
0.984581
0.986948
0.985792
0.988045
0.986957
0.989095
0.988077
0.990099
0.98915
0.991056
0.990175
0.991965
0.991154
0.992827
0.992083
0.993641
0.992965
0.994406
0.993797
0.995124
0.994579
0.995793
0.99531
0.996413
0.995991
0.996984
0.996621
0.997506
0.997198
0.997979
0.997723
0.998403
0.998196
0.998776
0.998614
0.999101
0.998979
0.999375
0.999288
0.9996
0.999543
0.999775
0.999742
0.9999
0.999885
0.999975
0.999971
1
1
0.999975
0.999971
0.9999
0.999885
0.999775
0.999742
0.9996
0.999543
0.999375
0.999288
0.999101
0.998979
0.998776
0.998614
0.998403
0.998196
0.997979
0.997723
0.997506
0.997198
0.996984
0.996621
0.996413
0.995991
0.995793
0.99531
0.995124
0.994579
0.994406
0.993797
0.993641
0.992965
0.992827
0.992083
0.991965
0.991154
0.991056
0.990176
0.990099
0.98915
0.989095
0.988077
0.988045
0.986957
0.986948
0.985792
0.985804
0.984581
0.984615
0.983325
0.983381
0.982024
0.982101
0.98068
0.980777
0.979292
0.979408
0.977862
0.977995
0.976389
0.976539
0.974874
0.975039
0.973318
0.973497
0.971721
0.971912
0.970084
0.970285
0.968408
0.968617
0.966692
0.966908
0.964938
0.965158
0.963146
0.963368
0.961316
0.961538
0.959449
0.95967
0.957546
0.957763
0.955607
0.955817
0.953633
0.953834
0.951623
0.951814
0.94958
0.949758
0.947502
0.947665
0.945392
0.945537
0.943249
0.943374
0.941073
0.941176
0.938866
0.938945
0.936628
0.93668
0.934359
0.934383
0.932061
0.932053
0.929732
0.929692
0.927375
0.9273
0.92499
0.924877
0.922576
0.922424
0.920135
0.919942
0.917668
0.917431
0.915174
0.914892
0.912654
0.912326
0.910109
0.909732
0.90754
0.907112
0.904946
0.904466
0.902329
0.901795
0.899688
0.899099
0.897025
0.896379
0.89434
0.893635
0.891634
0.890869
0.888907
0.88808
0.886159
0.885269
0.883391
0.882437
0.880604
0.879585
0.877799
0.876712
0.874975
0.87382
0.872133
0.870909
0.869274
0.86798
0.866398
0.865033
0.863506
0.862069
0.860599
0.859088
0.857677
0.856091
0.85474
0.853079
0.851789
0.850051
0.848824
0.847009
0.845847
0.843953
0.842857
0.840884
0.839856
0.837802
0.836843
0.834707
0.833819
0.831601
0.830785
0.828483
0.827742
0.825355
0.824689
0.822216
0.821627
0.819068
0.818558
0.81591
0.815481
0.812744
0.812397
0.809569
0.809306
0.806387
0.806209
0.803197
0.803107
0.8
0.8
0.796797
0.796889
0.793588
0.793773
0.790373
0.790653
0.787154
0.78753
0.783929
0.784403
0.780701
0.781273
0.777469
0.778139
0.774234
0.775003
0.770995
0.771863
0.767754
0.768721
0.764511
0.765577
0.761267
0.76243
0.758021
0.759282
0.754774
0.756131
0.751527
0.752979
0.748279
0.749826
0.745032
0.746671
0.741785
0.743516
0.738539
0.740359
0.735294
0.737202
0.732051
0.734044
0.72881
0.730887
0.725571
0.727729
0.722335
0.724571
0.719101
0.721414
0.715871
0.718257
0.712644
0.715101
0.709421
0.711946
0.706202
0.708792
0.702988
0.705639
0.699778
0.702488
0.696573
0.699339
0.693373
0.696191
0.690179
0.693046
0.68699
0.689903
0.683807
0.686762
0.680631
0.683624
0.677461
0.680489
0.674297
0.677358
0.671141
0.674229
0.667992
0.671104
0.664849
0.667983
0.661715
0.664865
0.658588
0.661752
0.655469
0.658643
0.652358
0.655538
0.649256
0.652439
0.646162
0.649344
0.643076
0.646254
0.64
0.643169
0.636933
0.64009
0.633874
0.637016
0.630825
0.633948
0.627786
0.630887
0.624756
0.627831
0.621736
0.624783
0.618726
0.62174
0.615726
0.618705
0.612736
0.615676
0.609756
0.612655
0.606787
0.609641
0.603828
0.606635
0.60088
0.603637
0.597943
0.600647
0.595017
0.597665
0.592101
0.594691
0.589197
0.591726
0.586304
0.58877
0.583422
0.585823
0.580552
0.582885
0.577692
0.579956
0.574845
0.577037
0.572009
0.574128
0.569184
0.571229
0.566372
0.56834
0.563571
0.565461
0.560782
0.562593
0.558005
0.559736
0.555239
0.556889
0.552486
0.554054
0.549745
0.55123
0.547016
0.548418
0.544299
0.545618
0.541594
0.542829
0.538902
0.540053
0.536222
0.537289
0.533554
0.534537
0.530898
0.531799
0.528255
0.529073
0.525624
0.52636
0.523006
0.523661
0.5204
0.520975
0.517806
0.518303
0.515225
0.515645
0.512656
0.513001
0.5101
0.510372
0.507556
0.507756
0.505025
0.505156
0.502506
0.50257
0.5
0.5
0.497506
0.497445
0.495025
0.494905
0.492556
0.49238
0.4901
0.48987
0.487656
0.487376
0.485225
0.484896
0.482806
0.482431
0.4804
0.479981
0.478006
0.477545
0.475624
0.475124
0.473255
0.472718
0.470898
0.470326
0.468554
0.467949
0.466222
0.465586
0.463903
0.463237
0.461595
0.460902
0.4593
0.458582
0.457018
0.456275
0.454747
0.453983
0.452489
0.451704
0.450243
0.449439
0.448009
0.447188
0.445787
0.44495
0.443577
0.442726
0.441379
0.440516
0.439194
0.438319
0.43702
0.436135
0.434858
0.433964
0.432708
0.431807
0.430571
0.429663
0.428444
0.427532
0.42633
0.425414
0.424228
0.423308
0.422137
0.421216
0.420058
0.419136
0.41799
0.417069
0.415934
0.415015
0.41389
0.412973
0.411857
0.410944
0.409836
0.408927
0.407826
0.406922
0.405828
0.404929
0.403841
0.402949
0.401865
0.40098
0.3999
0.399024
0.397947
0.39708
0.396004
0.395147
0.394073
0.393226
0.392153
0.391317
0.390244
0.38942
0.388346
0.387534
0.386458
0.385659
0.384582
0.383796
0.382717
0.381944
0.380862
0.380104
0.379018
0.378274
0.377184
0.376456
0.375361
0.374649
0.373549
0.372852
0.371747
0.371067
0.369956
0.369292
0.368175
0.367528
0.366404
0.365775
0.364644
0.364032
0.362894
0.3623
0.361154
0.360578
0.359425
0.358866
0.357705
0.357165
0.355995
0.355474
0.354296
0.353793
0.352606
0.352122
0.350926
0.350461
0.349257
0.34881
0.347596
0.347168
0.345946
0.345537
0.344305
0.343915
0.342674
0.342303
0.341052
0.3407
0.33944
0.339106
0.337838
0.337522
0.336245
0.335948
0.334661
0.334382
0.333086
0.332826
0.331521
0.331279
0.329965
0.32974
0.328418
0.328211
0.32688
0.32669
0.325351
0.325178
0.323832
0.323675
0.322321
0.322181
0.320819
0.320695
0.319326
0.319217
0.317841
0.317748
0.316366
0.316287
0.314899
0.314835
0.31344
0.31339
0.311991
0.311954
0.310549
0.310525
0.309117
0.309105
0.307692
0.307692
0.306276
0.306288
0.304869
0.30489
0.303469
0.303501
0.302078
0.302119
0.300695
0.300745
0.299321
0.299379
0.297954
0.29802
0.296595
0.296669
0.295244
0.295325
0.293902
0.293989
0.292567
0.29266
0.29124
0.291338
0.28992
0.290024
0.288609
0.288718
0.287305
0.287418
0.286008
0.286126
0.28472
0.284841
0.283439
0.283563
0.282165
0.282292
0.280899
0.281029
0.27964
0.279773
0.278389
0.278523
0.277145
0.277281
0.275908
0.276046
0.274678
0.274817
0.273456
0.273596
0.27224
0.272381
0.271032
0.271173
0.269831
0.269973
0.268637
0.268778
0.267449
0.267591
0.266269
0.26641
0.265096
0.265237
0.263929
0.264069
0.262769
0.262909
0.261616
0.261754
0.260469
0.260607
0.259329
0.259466
0.258196
0.258331
0.257069
0.257203
0.255949
0.256081
0.254836
0.254966
0.253728
0.253857
0.252627
0.252754
0.251533
0.251658
0.250445
0.250567
0.249363
0.249483
0.248287
0.248405
0.247217
0.247334
0.246154
0.246268
0.245097
0.245209
0.244045
0.244155
0.243
0.243107
0.241961
0.242066
0.240928
0.24103
0.2399
0.24
0.238879
0.238976
0.237863
0.237958
0.236853
0.236946
0.235849
0.235939
0.234851
0.234939
0.233858
0.233943
0.232871
0.232954
0.231889
0.23197
0.230914
0.230992
0.229943
0.230019
0.228978
0.229052
0.228019
0.22809
0.227065
0.227134
0.226116
0.226183
0.225173
0.225237
0.224235
0.224297
0.223303
0.223362
0.222375
0.222432
0.221453
0.221508
0.220536
0.220589
0.219625
0.219675
0.218718
0.218766
0.217816
0.217862
0.21692
0.216963
0.216028
0.21607
0.215142
0.215181
0.21426
0.214297
0.213383
0.213419
0.212512
0.212545
0.211645
0.211676
0.210783
0.210811
0.209925
0.209952
0.209073
0.209097
0.208225
0.208247
0.207382
0.207402
0.206543
0.206561
0.205709
0.205725
0.20488
0.204894
0.204056
0.204067
0.203236
0.203245
0.20242
0.202427
0.201609
0.201614
0.200802
0.200805
0.2
0.2
0.199202
0.1992
0.198409
0.198404
0.19762
0.197612
0.196835
0.196825
0.196054
0.196042
0.195278
0.195263
0.194506
0.194488
0.193738
0.193718
0.192975
0.192951
0.192215
0.192189
0.19146
0.191431
0.190709
0.190677
0.189961
0.189928
0.189218
0.189182
0.188479
0.18844
0.187744
0.187702
0.187013
0.186969
0.186286
0.186239
0.185562
0.185513
0.184843
0.184792
0.184127
0.184074
0.183416
0.18336
0.182708
0.18265
0.182003
0.181943
0.181303
0.181241
0.180606
0.180542
0.179914
0.179848
0.179224
0.179157
0.178539
0.178469
0.177857
0.177786
0.177179
0.177106
0.176504
0.17643
0.175833
0.175757
0.175165
0.175088
0.174501
0.174423
0.17384
0.173762
0.173183
0.173103
0.17253
0.172449
0.17188
0.171798
0.171233
0.171151
0.17059
0.170507
0.16995
0.169866
0.169313
0.169229
0.16868
0.168595
0.16805
0.167965
0.167423
0.167338
0.166799
0.166715
0.166179
0.166095
0.165562
0.165478
0.164948
0.164865
0.164338
0.164254
0.16373
0.163648
0.163126
0.163044
0.162525
0.162443
0.161927
0.161846
0.161332
0.161252
0.16074
0.160661
0.160151
0.160073
0.159565
0.159489
0.158983
0.158907
0.158403
0.158328
0.157826
0.157753
0.157252
0.15718
0.156681
0.156611
0.156113
0.156044
0.155548
0.155481
0.154985
0.15492
0.154426
0.154363
0.153869
0.153808
0.153315
0.153256
0.152764
0.152707
0.152216
0.152161
0.151671
0.151617
0.151128
0.151077
0.150588
0.150539
0.150051
0.150004
0.149517
0.149471
0.148985
0.148942
0.148456
0.148415
0.147929
0.14789
0.147405
0.147369
0.146884
0.14685
0.146365
0.146333
0.145849
0.145819
0.145336
0.145308
0.144825
0.144799
0.144316
0.144293
0.14381
0.143789
0.143307
0.143288
0.142806
0.142789
0.142308
0.142293
0.141812
0.141799
0.141318
0.141307
0.140827
0.140818
0.140339
0.140331
0.139852
0.139847
0.139368
0.139364
0.138887
0.138884
0.138408
0.138407
0.137931
0.137931
0.137457
0.137458
0.136984
0.136987
0.136515
0.136518
0.136047
0.136051
0.135582
0.135587
0.135119
0.135124
0.134658
0.134664
0.134199
0.134206
0.133743
0.13375
0.133289
0.133297
0.132837
0.132845
0.132387
0.132395
0.13194
0.131948
0.131494
0.131503
0.131051
0.131059
0.13061
0.130618
0.130171
0.130179
0.129734
0.129742
0.129299
0.129307
0.128866
0.128874
0.128435
0.128443
0.128007
0.128015
0.12758
0.127588
0.127155
0.127163
0.126733
0.12674
0.126312
0.126319
0.125893
0.1259
0.125477
0.125483
0.125062
0.125068
0.124649
0.124655
0.124239
0.124244
0.12383
0.123834
0.123423
0.123427
0.123018
0.123022
0.122615
0.122618
0.122214
0.122217
0.121814
0.121817
0.121417
0.121419
0.121021
0.121023
0.120627
0.120629
0.120235
0.120236
0.119845
0.119846
0.119457
0.119457
0.11907
0.11907
0.118686
0.118685
0.118303
0.118302
0.117921
0.11792
0.117542
0.117541
0.117164
0.117163
0.116788
0.116786
0.116414
0.116412
0.116042
0.116039
0.115671
0.115668
0.115302
0.115299
0.114934
0.114931
0.114569
0.114565
0.114204
0.114201
0.113842
0.113838
0.113481
0.113478
0.113122
0.113118
0.112765
0.112761
0.112409
0.112405
0.112055
0.112051
0.111702
0.111698
0.111351
0.111347
0.111001
0.110997
0.110653
0.110649
0.110307
0.110303
0.109962
0.109958
0.109619
0.109615
0.109277
0.109274
0.108937
0.108934
0.108599
0.108595
0.108261
0.108258
0.107926
0.107922
0.107592
0.107589
0.107259
0.107256
0.106928
0.106925
0.106598
0.106595
0.10627
0.106267
0.105943
0.105941
0.105618
0.105616
0.105294
0.105292
0.104971
0.10497
0.10465
0.104649
0.104331
0.104329
0.104013
0.104011
0.103696
0.103695
0.10338
0.103379
0.103066
0.103066
0.102754
0.102753
0.102442
0.102442
0.102132
0.102132
0.101824
0.101823
0.101516
0.101516
0.10121
0.10121
0.100906
0.100906
0.100603
0.100603
0.100301
0.100301
0.1
0.1
0.0997006
0.0997006
0.0994026
0.0994024
0.0991058
0.0991055
0.0988103
0.0988099
0.0985161
0.0985155
0.0982231
0.0982224
0.0979314
0.0979305
0.097641
0.0976398
0.0973518
0.0973503
0.0970638
0.0970621
0.0967771
0.0967751
0.0964916
0.0964893
0.0962073
0.0962047
0.0959242
0.0959213
0.0956423
0.0956391
0.0953616
0.0953581
0.0950821
0.0950783
0.0948038
0.0947997
0.0945267
0.0945222
0.0942507
0.0942459
0.0939759
0.0939708
0.0937023
0.0936969
0.0934298
0.093424
0.0931584
0.0931524
0.0928882
0.0928819
0.0926192
0.0926125
0.0923512
0.0923442
0.0920844
0.0920771
0.0918187
0.0918111
0.0915541
0.0915463
0.0912906
0.0912825
0.0910283
0.0910198
0.090767
0.0907583
0.0905067
0.0904978
0.0902476
0.0902385
0.0899896
0.0899802
0.0897326
0.089723
0.0894767
0.0894669
0.0892218
0.0892118
0.088968
0.0889578
0.0887152
0.0887049
0.0884635
0.088453
0.0882128
0.0882022
0.0879631
0.0879524
0.0877145
0.0877037
0.0874669
0.087456
0.0872203
0.0872093
0.0869747
0.0869637
0.0867301
0.0867191
0.0864865
0.0864755
0.0862439
0.0862328
0.0860023
0.0859912
0.0857616
0.0857506
0.085522
0.085511
0.0852833
0.0852724
0.0850456
0.0850348
0.0848088
0.0847981
0.084573
0.0845624
0.0843382
0.0843277
0.0841043
0.0840939
0.0838713
0.0838611
0.0836393
0.0836292
0.0834082
0.0833983
0.0831781
0.0831684
0.0829488
0.0829393
0.0827205
0.0827112
0.0824931
0.082484
0.0822666
0.0822578
0.082041
0.0820324
0.0818163
0.081808
0.0815925
0.0815844
0.0813696
0.0813618
0.0811476
0.0811401
0.0809264
0.0809192
0.0807062
0.0806992
0.0804868
0.0804801
0.0802683
0.0802619
0.0800506
0.0800446
0.0798338
0.0798281
0.0796178
0.0796124
0.0794027
0.0793977
0.0791885
0.0791837
0.0789751
0.0789706
0.0787625
0.0787584
0.0785507
0.0785469
0.0783398
0.0783363
0.0781297
0.0781266
0.0779205
0.0779176
0.077712
0.0777094
0.0775044
0.0775021
0.0772975
0.0772955
0.0770915
0.0770898
0.0768863
0.0768848
0.0766818
0.0766806
0.0764782
0.0764772
0.0762753
0.0762746
0.0760733
0.0760727
0.075872
0.0758716
0.0756714
0.0756713
0.0754717
0.0754717
0.0752727
0.0752729
0.0750745
0.0750748
0.0748771
0.0748774
0.0746804
0.0746808
0.0744844
0.0744849
0.0742892
0.0742898
0.0740948
0.0740953
0.0739011
0.0739017
0.0737081
0.0737087
0.0735159
0.0735165
0.0733244
0.0733249
0.0731336
0.0731341
0.0729436
0.072944
0.0727543
0.0727547
0.0725656
0.072566
0.0723778
0.072378
0.0721906
0.0721908
0.0720041
0.0720042
0.0718183
0.0718183
0.0716332
0.0716332
0.0714489
0.0714487
0.0712652
0.0712649
0.0710822
0.0710818
0.0708999
0.0708994
0.0707182
0.0707176
0.0705373
0.0705366
0.070357
0.0703562
0.0701774
0.0701765
0.0699985
0.0699974
0.0698202
0.0698191
0.0696426
0.0696413
0.0694657
0.0694643
0.0692894
0.0692879
0.0691138
0.0691122
0.0689388
0.0689371
0.0687644
0.0687626
0.0685908
0.0685889
0.0684177
0.0684157
0.0682453
0.0682432
0.0680735
0.0680713
0.0679024
0.0679001
0.0677319
0.0677295
0.067562
0.0675596
0.0673927
0.0673902
0.0672241
0.0672215
0.067056
0.0670534
0.0668886
0.066886
0.0667218
0.0667191
0.0665556
0.0665529
0.06639
0.0663872
0.0662251
0.0662222
0.0660607
0.0660578
0.0658969
0.065894
0.0657337
0.0657308
0.0655711
0.0655682
0.0654091
0.0654062
0.0652476
0.0652447
0.0650868
0.0650839
0.0649265
0.0649236
0.0647668
0.064764
0.0646077
0.0646049
0.0644492
0.0644464
0.0642912
0.0642884
0.0641338
0.0641311
0.063977
0.0639743
0.0638207
0.0638181
0.063665
0.0636624
0.0635098
0.0635073
0.0633552
0.0633527
0.0632011
0.0631987
0.0630476
0.0630453
0.0628947
0.0628924
0.0627422
0.0627401
0.0625904
0.0625883
0.062439
0.062437
0.0622882
0.0622863
0.0621379
0.0621361
0.0619882
0.0619865
0.061839
0.0618374
0.0616903
0.0616888
0.0615422
0.0615407
0.0613945
0.0613932
0.0612474
0.0612462
0.0611008
0.0610997
0.0609547
0.0609537
0.0608091
0.0608082
0.0606641
0.0606632
0.0605195
0.0605187
0.0603754
0.0603748
0.0602319
0.0602313
0.0600888
0.0600883
0.0599463
0.0599459
0.0598042
0.0598039
0.0596627
0.0596624
0.0595216
0.0595214
0.059381
0.0593809
0.0592409
0.0592408
0.0591013
0.0591012
0.0589622
0.0589622
0.0588235
0.0588235
0.0586854
0.0586854
0.0585477
0.0585477
0.0584104
0.0584105
0.0582737
0.0582737
0.0581374
0.0581374
0.0580016
0.0580016
0.0578663
0.0578662
0.0577314
0.0577313
0.057597
0.0575969
0.057463
0.0574629
0.0573295
0.0573293
0.0571965
0.0571962
0.0570639
0.0570636
0.0569317
0.0569314
0.0568
0.0567996
0.0566688
0.0566683
0.056538
0.0565374
0.0564076
0.056407
0.0562777
0.056277
0.0561482
0.0561475
0.0560192
0.0560184
0.0558906
0.0558897
0.0557624
0.0557614
0.0556347
0.0556336
0.0555074
0.0555062
0.0553805
0.0553793
0.055254
0.0552528
0.055128
0.0551267
0.0550024
0.055001
0.0548772
0.0548757
0.0547524
0.0547509
0.0546281
0.0546265
0.0545042
0.0545025
0.0543806
0.0543789
0.0542575
0.0542557
0.0541348
0.054133
0.0540125
0.0540106
0.0538906
0.0538887
0.0537692
0.0537671
0.0536481
0.053646
0.0535274
0.0535253
0.0534071
0.053405
0.0532872
0.0532851
0.0531677
0.0531655
0.0530486
0.0530464
0.0529299
0.0529277
0.0528116
0.0528093
0.0526937
0.0526914
0.0525762
0.0525739
0.052459
0.0524567
0.0523423
0.0523399
0.0522259
0.0522235
0.0521099
0.0521075
0.0519942
0.0519919
0.051879
0.0518767
0.0517641
0.0517618
0.0516496
0.0516473
0.0515355
0.0515332
0.0514217
0.0514195
0.0513084
0.0513061
0.0511953
0.0511931
0.0510827
0.0510805
0.0509704
0.0509683
0.0508585
0.0508564
0.0507469
0.0507449
0.0506357
0.0506337
0.0505249
0.0505229
0.0504144
0.0504125
0.0503043
0.0503024
0.0501945
0.0501927
0.0500851
0.0500833
0.049976
0.0499743
0.0498673
0.0498657
0.0497589
0.0497573
0.0496509
0.0496494
0.0495432
0.0495418
0.0494359
0.0494345
0.0493289
0.0493276
0.0492222
0.049221
0.0491159
0.0491147
0.0490099
0.0490088
0.0489043
0.0489033
0.048799
0.048798
0.048694
0.0486931
0.0485894
0.0485886
0.0484851
0.0484843
0.0483811
0.0483804
0.0482775
0.0482769
0.0481741
0.0481736
0.0480711
0.0480707
0.0479685
0.0479681
0.0478661
0.0478658
0.0477641
0.0477638
0.0476624
0.0476622
0.047561
0.0475608
0.0474599
0.0474598
0.0473592
0.0473591
0.0472588
0.0472587
0.0471586
0.0471586
0.0470588
0.0470588
0.0469593
0.0469593
0.0468601
0.0468602
0.0467613
0.0467613
0.0466627
0.0466628
0.0465644
0.0465645
0.0464665
0.0464665
0.0463688
0.0463689
0.0462714
0.0462715
0.0461744
0.0461745
0.0460776
0.0460777
0.0459812
0.0459812
0.045885
0.045885
0.0457892
0.0457892
0.0456936
0.0456936
0.0455983
0.0455983
0.0455034
0.0455033
0.0454087
0.0454086
0.0453143
0.0453141
0.0452202
0.04522
0.0451264
0.0451262
0.0450328
0.0450326
0.0449396
0.0449393
0.0448466
0.0448463
0.0447539
0.0447536
0.0446615
0.0446612
0.0445694
0.0445691
0.0444776
0.0444772
0.0443861
0.0443856
0.0442948
0.0442943
0.0442038
0.0442033
0.0441131
0.0441125
0.0440226
0.044022
0.0439324
0.0439318
0.0438425
0.0438419
0.0437529
0.0437522
0.0436635
0.0436629
0.0435745
0.0435737
0.0434856
0.0434849
0.0433971
0.0433963
0.0433088
0.043308
0.0432208
0.04322
0.043133
0.0431322
0.0430455
0.0430447
0.0429583
0.0429574
0.0428713
0.0428704
0.0427846
0.0427837
0.0426981
0.0426972
0.0426119
0.042611
0.042526
0.0425251
0.0424403
0.0424394
0.0423549
0.042354
0.0422697
0.0422688
0.0421848
0.0421839
0.0421001
0.0420992
0.0420157
0.0420148
0.0419315
0.0419306
0.0418476
0.0418467
0.0417639
0.041763
0.0416805
0.0416796
0.0415973
0.0415964
0.0415144
0.0415135
0.0414317
0.0414309
0.0413493
0.0413484
0.0412671
0.0412662
0.0411851
0.0411843
0.0411034
0.0411026
0.0410219
0.0410211
0.0409407
0.0409399
0.0408596
0.0408589
0.0407789
0.0407782
0.0406983
0.0406977
0.040618
0.0406174
0.040538
0.0405374
0.0404581
0.0404576
0.0403785
0.040378
0.0402992
0.0402986
0.04022
0.0402195
0.0401411
0.0401407
0.0400625
0.040062
0.039984
0.0399836
0.0399058
0.0399054
0.0398278
0.0398274
0.03975
0.0397497
0.0396725
0.0396722
0.0395951
0.0395949
0.039518
0.0395178
0.0394412
0.039441
0.0393645
0.0393643
0.0392881
0.0392879
0.0392118
0.0392117
0.0391358
0.0391357
0.0390601
0.03906
0.0389845
0.0389844
0.0389091
0.0389091
0.038834
0.038834
0.0387591
0.0387591
0.0386844
0.0386844
0.0386099
0.0386099
0.0385356
0.0385356
