0.0384615
0.0384615
0.0385356
0.0385355
0.0386099
0.0386097
0.0386844
0.0386841
0.0387591
0.0387587
0.038834
0.0388335
0.0389091
0.0389085
0.0389845
0.0389838
0.0390601
0.0390592
0.0391358
0.0391349
0.0392118
0.0392108
0.0392881
0.0392869
0.0393645
0.0393633
0.0394412
0.0394399
0.039518
0.0395166
0.0395951
0.0395937
0.0396725
0.0396709
0.03975
0.0397484
0.0398278
0.0398261
0.0399058
0.039904
0.039984
0.0399821
0.0400625
0.0400605
0.0401411
0.0401391
0.04022
0.040218
0.0402992
0.040297
0.0403785
0.0403764
0.0404581
0.0404559
0.040538
0.0405357
0.040618
0.0406157
0.0406983
0.0406959
0.0407789
0.0407764
0.0408596
0.0408572
0.0409407
0.0409381
0.0410219
0.0410193
0.0411034
0.0411008
0.0411851
0.0411825
0.0412671
0.0412644
0.0413493
0.0413466
0.0414317
0.041429
0.0415144
0.0415117
0.0415973
0.0415946
0.0416805
0.0416778
0.0417639
0.0417612
0.0418476
0.0418449
0.0419315
0.0419288
0.0420157
0.042013
0.0421001
0.0420974
0.0421848
0.0421821
0.0422697
0.0422671
0.0423549
0.0423523
0.0424403
0.0424377
0.042526
0.0425234
0.0426119
0.0426094
0.0426981
0.0426956
0.0427846
0.0427821
0.0428713
0.0428689
0.0429583
0.0429559
0.0430455
0.0430431
0.043133
0.0431307
0.0432208
0.0432185
0.0433088
0.0433066
0.0433971
0.0433949
0.0434856
0.0434835
0.0435745
0.0435724
0.0436635
0.0436615
0.0437529
0.043751
0.0438425
0.0438407
0.0439324
0.0439306
0.0440226
0.0440209
0.0441131
0.0441114
0.0442038
0.0442022
0.0442948
0.0442932
0.0443861
0.0443846
0.0444776
0.0444762
0.0445694
0.0445681
0.0446615
0.0446603
0.0447539
0.0447528
0.0448466
0.0448455
0.0449396
0.0449385
0.0450328
0.0450319
0.0451264
0.0451255
0.0452202
0.0452193
0.0453143
0.0453135
0.0454087
0.045408
0.0455034
0.0455027
0.0455983
0.0455978
0.0456936
0.0456931
0.0457892
0.0457887
0.045885
0.0458846
0.0459812
0.0459809
0.0460776
0.0460774
0.0461744
0.0461742
0.0462714
0.0462713
0.0463688
0.0463687
0.0464665
0.0464663
0.0465644
0.0465643
0.0466627
0.0466626
0.0467613
0.0467612
0.0468601
0.0468601
0.0469593
0.0469593
0.0470588
0.0470588
0.0471586
0.0471586
0.0472588
0.0472587
0.0473592
0.0473592
0.0474599
0.0474599
0.047561
0.047561
0.0476624
0.0476623
0.0477641
0.047764
0.0478661
0.047866
0.0479685
0.0479683
0.0480711
0.0480709
0.0481741
0.0481739
0.0482775
0.0482771
0.0483811
0.0483807
0.0484851
0.0484847
0.0485894
0.0485889
0.048694
0.0486935
0.048799
0.0487984
0.0489043
0.0489036
0.0490099
0.0490092
0.0491159
0.0491151
0.0492222
0.0492214
0.0493289
0.049328
0.0494359
0.0494349
0.0495432
0.0495422
0.0496509
0.0496498
0.0497589
0.0497578
0.0498673
0.0498661
0.049976
0.0499748
0.0500851
0.0500838
0.0501945
0.0501932
0.0503043
0.0503029
0.0504144
0.050413
0.0505249
0.0505234
0.0506357
0.0506342
0.0507469
0.0507454
0.0508585
0.0508569
0.0509704
0.0509688
0.0510827
0.051081
0.0511953
0.0511936
0.0513084
0.0513066
0.0514217
0.05142
0.0515355
0.0515337
0.0516496
0.0516478
0.0517641
0.0517623
0.051879
0.0518771
0.0519942
0.0519924
0.0521099
0.052108
0.0522259
0.052224
0.0523423
0.0523404
0.052459
0.0524571
0.0525762
0.0525743
0.0526937
0.0526918
0.0528116
0.0528098
0.0529299
0.0529281
0.0530486
0.0530468
0.0531677
0.0531659
0.0532872
0.0532855
0.0534071
0.0534054
0.0535274
0.0535257
0.0536481
0.0536464
0.0537692
0.0537675
0.0538906
0.053889
0.0540125
0.054011
0.0541348
0.0541333
0.0542575
0.0542561
0.0543806
0.0543792
0.0545042
0.0545028
0.0546281
0.0546268
0.0547524
0.0547512
0.0548772
0.054876
0.0550024
0.0550013
0.055128
0.0551269
0.055254
0.055253
0.0553805
0.0553795
0.0555074
0.0555065
0.0556347
0.0556339
0.0557624
0.0557617
0.0558906
0.0558899
0.0560192
0.0560186
0.0561482
0.0561477
0.0562777
0.0562772
0.0564076
0.0564072
0.056538
0.0565376
0.0566688
0.0566684
0.0568
0.0567997
0.0569317
0.0569315
0.0570639
0.0570637
0.0571965
0.0571963
0.0573295
0.0573294
0.057463
0.0574629
0.057597
0.0575969
0.0577314
0.0577314
0.0578663
0.0578663
0.0580016
0.0580017
0.0581374
0.0581375
0.0582737
0.0582738
0.0584104
0.0584105
0.0585477
0.0585477
0.0586854
0.0586854
0.0588235
0.0588235
0.0589622
0.0589621
0.0591013
0.0591012
0.0592409
0.0592408
0.059381
0.0593808
0.0595216
0.0595213
0.0596627
0.0596623
0.0598042
0.0598038
0.0599463
0.0599458
0.0600888
0.0600883
0.0602319
0.0602312
0.0603754
0.0603747
0.0605195
0.0605187
0.0606641
0.0606631
0.0608091
0.0608081
0.0609547
0.0609536
0.0611008
0.0610996
0.0612474
0.0612461
0.0613945
0.0613931
0.0615422
0.0615406
0.0616903
0.0616887
0.061839
0.0618373
0.0619882
0.0619864
0.0621379
0.062136
0.0622882
0.0622862
0.062439
0.0624369
0.0625904
0.0625882
0.0627422
0.06274
0.0628947
0.0628923
0.0630476
0.0630452
0.0632011
0.0631986
0.0633552
0.0633526
0.0635098
0.0635072
0.063665
0.0636623
0.0638207
0.0638179
0.063977
0.0639742
0.0641338
0.0641309
0.0642912
0.0642883
0.0644492
0.0644462
0.0646077
0.0646048
0.0647668
0.0647638
0.0649265
0.0649235
0.0650868
0.0650838
0.0652476
0.0652446
0.0654091
0.065406
0.0655711
0.0655681
0.0657337
0.0657307
0.0658969
0.0658939
0.0660607
0.0660577
0.0662251
0.0662221
0.06639
0.0663871
0.0665556
0.0665528
0.0667218
0.066719
0.0668886
0.0668858
0.067056
0.0670533
0.0672241
0.0672214
0.0673927
0.0673901
0.067562
0.0675595
0.0677319
0.0677294
0.0679024
0.0679
0.0680735
0.0680712
0.0682453
0.0682431
0.0684177
0.0684156
0.0685908
0.0685888
0.0687644
0.0687625
0.0689388
0.068937
0.0691138
0.0691121
0.0692894
0.0692878
0.0694657
0.0694642
0.0696426
0.0696413
0.0698202
0.069819
0.0699985
0.0699974
0.0701774
0.0701764
0.070357
0.0703561
0.0705373
0.0705365
0.0707182
0.0707176
0.0708999
0.0708993
0.0710822
0.0710817
0.0712652
0.0712648
0.0714489
0.0714486
0.0716332
0.0716331
0.0718183
0.0718183
0.0720041
0.0720042
0.0721906
0.0721907
0.0723778
0.072378
0.0725656
0.072566
0.0727543
0.0727546
0.0729436
0.072944
0.0731336
0.0731341
0.0733244
0.0733249
0.0735159
0.0735164
0.0737081
0.0737087
0.0739011
0.0739016
0.0740948
0.0740953
0.0742892
0.0742897
0.0744844
0.0744849
0.0746804
0.0746808
0.0748771
0.0748774
0.0750745
0.0750748
0.0752727
0.0752729
0.0754717
0.0754717
0.0756714
0.0756713
0.075872
0.0758716
0.0760733
0.0760727
0.0762753
0.0762746
0.0764782
0.0764772
0.0766818
0.0766806
0.0768863
0.0768848
0.0770915
0.0770898
0.0772975
0.0772956
0.0775044
0.0775021
0.077712
0.0777095
0.0779205
0.0779176
0.0781297
0.0781266
0.0783398
0.0783364
0.0785507
0.078547
0.0787625
0.0787584
0.0789751
0.0789707
0.0791885
0.0791838
0.0794027
0.0793977
0.0796178
0.0796125
0.0798338
0.0798281
0.0800506
0.0800446
0.0802683
0.080262
0.0804868
0.0804802
0.0807062
0.0806993
0.0809264
0.0809192
0.0811476
0.0811401
0.0813696
0.0813618
0.0815925
0.0815845
0.0818163
0.081808
0.082041
0.0820325
0.0822666
0.0822578
0.0824931
0.0824841
0.0827205
0.0827112
0.0829488
0.0829394
0.0831781
0.0831684
0.0834082
0.0833984
0.0836393
0.0836293
0.0838713
0.0838611
0.0841043
0.0840939
0.0843382
0.0843277
0.084573
0.0845624
0.0848088
0.0847981
0.0850456
0.0850348
0.0852833
0.0852724
0.085522
0.0855111
0.0857616
0.0857507
0.0860023
0.0859913
0.0862439
0.0862329
0.0864865
0.0864755
0.0867301
0.0867191
0.0869747
0.0869637
0.0872203
0.0872094
0.0874669
0.087456
0.0877145
0.0877037
0.0879631
0.0879525
0.0882128
0.0882022
0.0884635
0.0884531
0.0887152
0.0887049
0.088968
0.0889579
0.0892218
0.0892118
0.0894767
0.0894669
0.0897326
0.089723
0.0899896
0.0899802
0.0902476
0.0902385
0.0905067
0.0904978
0.090767
0.0907583
0.0910283
0.0910199
0.0912906
0.0912825
0.0915541
0.0915463
0.0918187
0.0918112
0.0920844
0.0920771
0.0923512
0.0923443
0.0926192
0.0926125
0.0928882
0.0928819
0.0931584
0.0931524
0.0934298
0.0934241
0.0937023
0.0936969
0.0939759
0.0939708
0.0942507
0.094246
0.0945267
0.0945222
0.0948038
0.0947997
0.0950821
0.0950783
0.0953616
0.0953582
0.0956423
0.0956392
0.0959242
0.0959213
0.0962073
0.0962047
0.0964916
0.0964893
0.0967771
0.0967751
0.0970638
0.0970621
0.0973518
0.0973504
0.097641
0.0976398
0.0979314
0.0979305
0.0982231
0.0982224
0.0985161
0.0985155
0.0988103
0.0988099
0.0991058
0.0991055
0.0994026
0.0994024
0.0997006
0.0997006
0.1
0.1
0.100301
0.100301
0.100603
0.100603
0.100906
0.100906
0.10121
0.10121
0.101516
0.101516
0.101824
0.101823
0.102132
0.102132
0.102442
0.102442
0.102754
0.102753
0.103066
0.103066
0.10338
0.103379
0.103696
0.103695
0.104013
0.104011
0.104331
0.104329
0.10465
0.104649
0.104971
0.10497
0.105294
0.105292
0.105618
0.105616
0.105943
0.105941
0.10627
0.106267
0.106598
0.106595
0.106928
0.106925
0.107259
0.107256
0.107592
0.107588
0.107926
0.107922
0.108261
0.108258
0.108599
0.108595
0.108937
0.108934
0.109277
0.109274
0.109619
0.109615
0.109962
0.109958
0.110307
0.110303
0.110653
0.110649
0.111001
0.110997
0.111351
0.111347
0.111702
0.111698
0.112055
0.112051
0.112409
0.112405
0.112765
0.112761
0.113122
0.113118
0.113481
0.113478
0.113842
0.113838
0.114204
0.114201
0.114569
0.114565
0.114934
0.114931
0.115302
0.115299
0.115671
0.115668
0.116042
0.116039
0.116414
0.116412
0.116788
0.116786
0.117164
0.117163
0.117542
0.117541
0.117921
0.11792
0.118303
0.118302
0.118686
0.118685
0.11907
0.11907
0.119457
0.119457
0.119845
0.119846
0.120235
0.120236
0.120627
0.120629
0.121021
0.121023
0.121417
0.121419
0.121814
0.121817
0.122214
0.122217
0.122615
0.122618
0.123018
0.123022
0.123423
0.123427
0.12383
0.123834
0.124239
0.124244
0.124649
0.124655
0.125062
0.125068
0.125477
0.125483
0.125893
0.1259
0.126312
0.126319
0.126733
0.12674
0.127155
0.127163
0.12758
0.127588
0.128007
0.128015
0.128435
0.128443
0.128866
0.128874
0.129299
0.129307
0.129734
0.129742
0.130171
0.130179
0.13061
0.130618
0.131051
0.131059
0.131494
0.131503
0.13194
0.131948
0.132387
0.132395
0.132837
0.132845
0.133289
0.133297
0.133743
0.13375
0.134199
0.134206
0.134658
0.134664
0.135119
0.135124
0.135582
0.135587
0.136047
0.136051
0.136515
0.136518
0.136984
0.136987
0.137457
0.137458
0.137931
0.137931
0.138408
0.138407
0.138887
0.138884
0.139368
0.139364
0.139852
0.139847
0.140339
0.140331
0.140827
0.140818
0.141318
0.141307
0.141812
0.141799
0.142308
0.142293
0.142806
0.142789
0.143307
0.143288
0.14381
0.143789
0.144316
0.144293
0.144825
0.144799
0.145336
0.145308
0.145849
0.145819
0.146365
0.146333
0.146884
0.14685
0.147405
0.147369
0.147929
0.14789
0.148456
0.148415
0.148985
0.148942
0.149517
0.149471
0.150051
0.150004
0.150588
0.150539
0.151128
0.151077
0.151671
0.151617
0.152216
0.152161
0.152764
0.152707
0.153315
0.153256
0.153869
0.153808
0.154426
0.154363
0.154985
0.15492
0.155548
0.155481
0.156113
0.156044
0.156681
0.156611
0.157252
0.15718
0.157826
0.157753
0.158403
0.158328
0.158983
0.158907
0.159565
0.159489
0.160151
0.160073
0.16074
0.160661
0.161332
0.161252
0.161927
0.161846
0.162525
0.162443
0.163126
0.163044
0.16373
0.163648
0.164338
0.164254
0.164948
0.164865
0.165562
0.165478
0.166179
0.166095
0.166799
0.166715
0.167423
0.167338
0.16805
0.167965
0.16868
0.168595
0.169313
0.169229
0.16995
0.169866
0.17059
0.170507
0.171233
0.171151
0.17188
0.171798
0.17253
0.172449
0.173183
0.173103
0.17384
0.173762
0.174501
0.174423
0.175165
0.175088
0.175833
0.175757
0.176504
0.17643
0.177179
0.177106
0.177857
0.177786
0.178539
0.178469
0.179224
0.179157
0.179914
0.179848
0.180606
0.180542
0.181303
0.181241
0.182003
0.181943
0.182708
0.18265
0.183416
0.18336
0.184127
0.184074
0.184843
0.184792
0.185562
0.185513
0.186286
0.186239
0.187013
0.186969
0.187744
0.187702
0.188479
0.18844
0.189218
0.189182
0.189961
0.189928
0.190709
0.190677
0.19146
0.191431
0.192215
0.192189
0.192975
0.192951
0.193738
0.193718
0.194506
0.194488
0.195278
0.195263
0.196054
0.196042
0.196835
0.196825
0.19762
0.197612
0.198409
0.198404
0.199202
0.1992
0.2
0.2
0.200802
0.200805
0.201609
0.201614
0.20242
0.202427
0.203236
0.203245
0.204056
0.204067
0.20488
0.204894
0.205709
0.205725
0.206543
0.206561
0.207382
0.207402
0.208225
0.208247
0.209073
0.209097
0.209925
0.209952
0.210783
0.210811
0.211645
0.211676
0.212512
0.212545
0.213383
0.213419
0.21426
0.214297
0.215142
0.215181
0.216028
0.21607
0.21692
0.216963
0.217816
0.217862
0.218718
0.218766
0.219625
0.219675
0.220536
0.220589
0.221453
0.221508
0.222375
0.222432
0.223303
0.223362
0.224235
0.224297
0.225173
0.225237
0.226116
0.226183
0.227065
0.227134
0.228019
0.22809
0.228978
0.229052
0.229943
0.230019
0.230914
0.230992
0.231889
0.23197
0.232871
0.232954
0.233858
0.233943
0.234851
0.234939
0.235849
0.235939
0.236853
0.236946
0.237863
0.237958
0.238879
0.238976
0.2399
0.24
0.240928
0.24103
0.241961
0.242066
0.243
0.243107
0.244045
0.244155
0.245097
0.245209
0.246154
0.246268
0.247217
0.247334
0.248287
0.248405
0.249363
0.249483
0.250445
0.250567
0.251533
0.251658
0.252627
0.252754
0.253728
0.253857
0.254836
0.254966
0.255949
0.256081
0.257069
0.257203
0.258196
0.258331
0.259329
0.259466
0.260469
0.260607
0.261616
0.261754
0.262769
0.262909
0.263929
0.264069
0.265096
0.265237
0.266269
0.26641
0.267449
0.267591
0.268637
0.268778
0.269831
0.269973
0.271032
0.271173
0.27224
0.272381
0.273456
0.273596
0.274678
0.274817
0.275908
0.276046
0.277145
0.277281
0.278389
0.278523
0.27964
0.279773
0.280899
0.281029
0.282165
0.282292
0.283439
0.283563
0.28472
0.284841
0.286008
0.286126
0.287305
0.287418
0.288609
0.288718
0.28992
0.290024
0.29124
0.291338
0.292567
0.29266
0.293902
0.293989
0.295244
0.295325
0.296595
0.296669
0.297954
0.29802
0.299321
0.299379
0.300695
0.300745
0.302078
0.302119
0.303469
0.303501
0.304869
0.30489
0.306276
0.306288
0.307692
0.307692
0.309117
0.309105
0.310549
0.310525
0.311991
0.311954
0.31344
0.31339
0.314899
0.314835
0.316366
0.316287
0.317841
0.317748
0.319326
0.319217
0.320819
0.320695
0.322321
0.322181
0.323832
0.323675
0.325351
0.325178
0.32688
0.32669
0.328418
0.328211
0.329965
0.32974
0.331521
0.331279
0.333086
0.332826
0.334661
0.334382
0.336245
0.335948
0.337838
0.337522
0.33944
0.339106
0.341052
0.3407
0.342674
0.342303
0.344305
0.343915
0.345946
0.345537
0.347596
0.347168
0.349257
0.34881
0.350926
0.350461
0.352606
0.352122
0.354296
0.353793
0.355995
0.355474
0.357705
0.357165
0.359425
0.358866
0.361154
0.360578
0.362894
0.3623
0.364644
0.364032
0.366404
0.365775
0.368175
0.367528
0.369956
0.369292
0.371747
0.371067
0.373549
0.372852
0.375361
0.374649
0.377184
0.376456
0.379018
0.378274
0.380862
0.380104
0.382717
0.381944
0.384582
0.383796
0.386458
0.385659
0.388346
0.387534
0.390244
0.38942
0.392153
0.391317
0.394073
0.393226
0.396004
0.395147
0.397947
0.39708
0.3999
0.399024
0.401865
0.40098
0.403841
0.402949
0.405828
0.404929
0.407826
0.406922
0.409836
0.408927
0.411857
0.410944
0.41389
0.412973
0.415934
0.415015
0.41799
0.417069
0.420058
0.419136
0.422137
0.421216
0.424228
0.423308
0.42633
0.425414
0.428444
0.427532
0.430571
0.429663
0.432708
0.431807
0.434858
0.433964
0.43702
0.436135
0.439194
0.438319
0.441379
0.440516
0.443577
0.442726
0.445787
0.44495
0.448009
0.447188
0.450243
0.449439
0.452489
0.451704
0.454747
0.453983
0.457018
0.456275
0.4593
0.458582
0.461595
0.460902
0.463903
0.463237
0.466222
0.465586
0.468554
0.467949
0.470898
0.470326
0.473255
0.472718
0.475624
0.475124
0.478006
0.477545
0.4804
0.479981
0.482806
0.482431
0.485225
0.484896
0.487656
0.487376
0.4901
0.48987
0.492556
0.49238
0.495025
0.494905
0.497506
0.497445
0.5
0.5
0.502506
0.50257
0.505025
0.505156
0.507556
0.507756
0.5101
0.510372
0.512656
0.513001
0.515225
0.515645
0.517806
0.518303
0.5204
0.520975
0.523006
0.523661
0.525624
0.52636
0.528255
0.529073
0.530898
0.531799
0.533554
0.534538
0.536222
0.537289
0.538902
0.540053
0.541594
0.542829
0.544299
0.545618
0.547016
0.548418
0.549745
0.55123
0.552486
0.554054
0.555239
0.556889
0.558005
0.559736
0.560782
0.562593
0.563571
0.565461
0.566372
0.56834
0.569184
0.571229
0.572009
0.574128
0.574845
0.577037
0.577692
0.579956
0.580552
0.582885
0.583422
0.585823
0.586304
0.58877
0.589197
0.591726
0.592101
0.594691
0.595017
0.597665
0.597943
0.600647
0.60088
0.603637
0.603828
0.606635
0.606787
0.609642
0.609756
0.612655
0.612736
0.615676
0.615726
0.618705
0.618726
0.62174
0.621736
0.624783
0.624756
0.627831
0.627786
0.630887
0.630825
0.633948
0.633874
0.637016
0.636933
0.64009
0.64
0.643169
0.643076
0.646254
0.646162
0.649344
0.649256
0.652439
0.652358
0.655538
0.655469
0.658643
0.658588
0.661752
0.661715
0.664865
0.664849
0.667983
0.667992
0.671104
0.671141
0.674229
0.674297
0.677358
0.677461
0.680489
0.680631
0.683624
0.683807
0.686762
0.68699
0.689903
0.690179
0.693046
0.693373
0.696191
0.696573
0.699339
0.699778
0.702488
0.702988
0.705639
0.706202
0.708792
0.709421
0.711946
0.712644
0.715101
0.715871
0.718257
0.719101
0.721414
0.722335
0.724571
0.725571
0.727729
0.72881
0.730887
0.732051
0.734044
0.735294
0.737202
0.738539
0.740359
0.741785
0.743516
0.745032
0.746671
0.748279
0.749826
0.751527
0.752979
0.754774
0.756131
0.758021
0.759282
0.761267
0.76243
0.764511
0.765577
0.767754
0.768721
0.770995
0.771863
0.774234
0.775003
0.777469
0.778139
0.780701
0.781273
0.783929
0.784403
0.787154
0.78753
0.790373
0.790653
0.793588
0.793773
0.796797
0.796889
0.8
0.8
0.803197
0.803107
0.806387
0.806209
0.809569
0.809306
0.812744
0.812397
0.81591
0.815481
0.819068
0.818558
0.822216
0.821627
0.825355
0.824689
0.828483
0.827742
0.831601
0.830785
0.834707
0.833819
0.837802
0.836843
0.840884
0.839856
0.843953
0.842857
0.847009
0.845847
0.850051
0.848824
0.853079
0.851789
0.856091
0.85474
0.859088
0.857677
0.862069
0.860599
0.865033
0.863506
0.86798
0.866398
0.870909
0.869274
0.87382
0.872133
0.876712
0.874974
0.879585
0.877799
0.882437
0.880604
0.885269
0.883391
0.88808
0.886159
0.890869
0.888907
0.893635
0.891634
0.896379
0.89434
0.899099
0.897025
0.901795
0.899688
0.904466
0.902329
0.907112
0.904946
0.909732
0.90754
0.912326
0.910109
0.914892
0.912654
0.917431
0.915174
0.919942
0.917668
0.922424
0.920135
0.924877
0.922576
0.9273
0.92499
0.929692
0.927375
0.932053
0.929732
0.934383
0.932061
0.93668
0.934359
0.938945
0.936628
0.941176
0.938866
0.943374
0.941073
0.945537
0.943249
0.947665
0.945392
0.949758
0.947502
0.951814
0.94958
0.953834
0.951623
0.955817
0.953633
0.957763
0.955607
0.95967
0.957546
0.961538
0.959449
0.963368
0.961316
0.965158
0.963146
0.966908
0.964938
0.968617
0.966692
0.970285
0.968408
0.971912
0.970084
0.973497
0.971721
0.975039
0.973318
0.976539
0.974874
0.977995
0.976389
0.979408
0.977862
0.980777
0.979292
0.982101
0.98068
0.983381
0.982024
0.984615
0.983325
0.985804
0.984581
0.986948
0.985792
0.988045
0.986957
0.989095
0.988077
0.990099
0.98915
0.991056
0.990175
0.991965
0.991154
0.992827
0.992083
0.993641
0.992965
0.994406
0.993797
0.995124
0.994579
0.995793
0.99531
0.996413
0.995991
0.996984
0.996621
0.997506
0.997198
0.997979
0.997723
0.998403
0.998196
0.998776
0.998614
0.999101
0.998979
0.999375
0.999288
0.9996
0.999543
0.999775
0.999742
0.9999
0.999885
0.999975
0.999971
1
1
0.999975
0.999971
0.9999
0.999885
0.999775
0.999742
0.9996
0.999543
0.999375
0.999288
0.999101
0.998979
0.998776
0.998614
0.998403
0.998196
0.997979
0.997723
0.997506
0.997198
0.996984
0.996621
0.996413
0.995991
0.995793
0.99531
0.995124
0.994579
0.994406
0.993797
0.993641
0.992965
0.992827
0.992083
0.991965
0.991154
0.991056
0.990175
0.990099
0.98915
0.989095
0.988077
0.988045
0.986957
0.986948
0.985792
0.985804
0.984581
0.984615
0.983325
0.983381
0.982024
0.982101
0.98068
0.980777
0.979292
0.979408
0.977862
0.977995
0.976389
0.976539
0.974874
0.975039
0.973318
0.973497
0.971721
0.971912
0.970084
0.970285
0.968408
0.968617
0.966692
0.966908
0.964938
0.965158
0.963146
0.963368
0.961316
0.961538
0.959449
0.95967
0.957546
0.957763
0.955607
0.955817
0.953633
0.953834
0.951623
0.951814
0.94958
0.949758
0.947502
0.947665
0.945392
0.945537
0.943249
0.943374
0.941073
0.941176
0.938866
0.938945
0.936628
0.93668
0.934359
0.934383
0.932061
0.932053
0.929732
0.929692
0.927375
0.9273
0.92499
0.924877
0.922576
0.922424
0.920135
0.919942
0.917668
0.917431
0.915174
0.914892
0.912654
0.912326
0.910109
0.909732
0.90754
0.907112
0.904946
0.904466
0.902329
0.901795
0.899688
0.899099
0.897025
0.896379
0.89434
0.893635
0.891634
0.890869
0.888907
0.88808
0.886159
0.885269
0.883391
0.882437
0.880604
0.879585
0.877799
0.876712
0.874974
0.87382
0.872133
0.870909
0.869274
0.86798
0.866398
0.865033
0.863506
0.862069
0.860599
0.859088
0.857677
0.856091
0.85474
0.853079
0.851789
0.850051
0.848824
0.847009
0.845847
0.843953
0.842857
0.840884
0.839856
0.837802
0.836843
0.834707
0.833819
0.831601
0.830785
0.828483
0.827742
0.825355
0.824689
0.822216
0.821627
0.819068
0.818558
0.81591
0.815481
0.812744
0.812397
0.809569
0.809306
0.806387
0.806209
0.803197
0.803107
0.8
0.8
0.796797
0.796889
0.793588
0.793773
0.790373
0.790653
0.787154
0.78753
0.783929
0.784403
0.780701
0.781273
0.777469
0.778139
0.774234
0.775003
0.770995
0.771863
0.767754
0.768721
0.764511
0.765577
0.761267
0.76243
0.758021
0.759282
0.754774
0.756131
0.751527
0.752979
0.748279
0.749826
0.745032
0.746671
0.741785
0.743516
0.738539
0.740359
0.735294
0.737202
0.732051
0.734044
0.72881
0.730887
0.725571
0.727729
0.722335
0.724571
0.719101
0.721414
0.715871
0.718257
0.712644
0.715101
0.709421
0.711946
0.706202
0.708792
0.702988
0.705639
0.699778
0.702488
0.696573
0.699339
0.693373
0.696191
0.690179
0.693046
0.68699
0.689903
0.683807
0.686762
0.680631
0.683624
0.677461
0.680489
0.674297
0.677358
0.671141
0.674229
0.667992
0.671104
0.664849
0.667983
0.661715
0.664865
0.658588
0.661752
0.655469
0.658643
0.652358
0.655538
0.649256
0.652439
0.646162
0.649344
0.643076
0.646254
0.64
0.643169
0.636933
0.64009
0.633874
0.637016
0.630825
0.633948
0.627786
0.630887
0.624756
0.627831
0.621736
0.624783
0.618726
0.62174
0.615726
0.618705
0.612736
0.615676
0.609756
0.612655
0.606787
0.609642
0.603828
0.606635
0.60088
0.603637
0.597943
0.600647
0.595017
0.597665
0.592101
0.594691
0.589197
0.591726
0.586304
0.58877
0.583422
0.585823
0.580552
0.582885
0.577692
0.579956
0.574845
0.577037
0.572009
0.574128
0.569184
0.571229
0.566372
0.56834
0.563571
0.565461
0.560782
0.562593
0.558005
0.559736
0.555239
0.556889
0.552486
0.554054
0.549745
0.55123
0.547016
0.548418
0.544299
0.545618
0.541594
0.542829
0.538902
0.540053
0.536222
0.537289
0.533554
0.534538
0.530898
0.531799
0.528255
0.529073
0.525624
0.52636
0.523006
0.523661
0.5204
0.520975
0.517806
0.518303
0.515225
0.515645
0.512656
0.513001
0.5101
0.510372
0.507556
0.507756
0.505025
0.505156
0.502506
0.50257
0.5
0.5
0.497506
0.497445
0.495025
0.494905
0.492556
0.49238
0.4901
0.48987
0.487656
0.487376
0.485225
0.484896
0.482806
0.482431
0.4804
0.479981
0.478006
0.477545
0.475624
0.475124
0.473255
0.472718
0.470898
0.470326
0.468554
0.467949
0.466222
0.465586
0.463903
0.463237
0.461595
0.460902
0.4593
0.458582
0.457018
0.456275
0.454747
0.453983
0.452489
0.451704
0.450243
0.449439
0.448009
0.447188
0.445787
0.44495
0.443577
0.442726
0.441379
0.440516
0.439194
0.438319
0.43702
0.436135
0.434858
0.433964
0.432708
0.431807
0.430571
0.429663
0.428444
0.427532
0.42633
0.425414
0.424228
0.423308
0.422137
0.421216
0.420058
0.419136
0.41799
0.417069
0.415934
0.415015
0.41389
0.412973
0.411857
0.410944
0.409836
0.408927
0.407826
0.406922
0.405828
0.404929
0.403841
0.402949
0.401865
0.40098
0.3999
0.399024
0.397947
0.39708
0.396004
0.395147
0.394073
0.393226
0.392153
0.391317
0.390244
0.38942
0.388346
0.387534
0.386458
0.385659
0.384582
0.383796
0.382717
0.381944
0.380862
0.380104
0.379018
0.378274
0.377184
0.376456
0.375361
0.374649
0.373549
0.372852
0.371747
0.371067
0.369956
0.369292
0.368175
0.367528
0.366404
0.365775
0.364644
0.364032
0.362894
0.3623
0.361154
0.360578
0.359425
0.358866
0.357705
0.357165
0.355995
0.355474
0.354296
0.353793
0.352606
0.352122
0.350926
0.350461
0.349257
0.34881
0.347596
0.347168
0.345946
0.345537
0.344305
0.343915
0.342674
0.342303
0.341052
0.3407
0.33944
0.339106
0.337838
0.337522
0.336245
0.335948
0.334661
0.334382
0.333086
0.332826
0.331521
0.331279
0.329965
0.32974
0.328418
0.328211
0.32688
0.32669
0.325351
0.325178
0.323832
0.323675
0.322321
0.322181
0.320819
0.320695
0.319326
0.319217
0.317841
0.317748
0.316366
0.316287
0.314899
0.314835
0.31344
0.31339
0.311991
0.311954
0.310549
0.310525
0.309117
0.309105
0.307692
0.307692
0.306276
0.306288
0.304869
0.30489
0.303469
0.303501
0.302078
0.302119
0.300695
0.300745
0.299321
0.299379
0.297954
0.29802
0.296595
0.296669
0.295244
0.295325
0.293902
0.293989
0.292567
0.29266
0.29124
0.291338
0.28992
0.290024
0.288609
0.288718
0.287305
0.287418
0.286008
0.286126
0.28472
0.284841
0.283439
0.283563
0.282165
0.282292
0.280899
0.281029
0.27964
0.279773
0.278389
0.278523
0.277145
0.277281
0.275908
0.276046
0.274678
0.274817
0.273456
0.273596
0.27224
0.272381
0.271032
0.271173
0.269831
0.269973
0.268637
0.268778
0.267449
0.267591
0.266269
0.26641
0.265096
0.265237
0.263929
0.264069
0.262769
0.262909
0.261616
0.261754
0.260469
0.260607
0.259329
0.259466
0.258196
0.258331
0.257069
0.257203
0.255949
0.256081
0.254836
0.254966
0.253728
0.253857
0.252627
0.252754
0.251533
0.251658
0.250445
0.250567
0.249363
0.249483
0.248287
0.248405
0.247217
0.247334
0.246154
0.246268
0.245097
0.245209
0.244045
0.244155
0.243
0.243107
0.241961
0.242066
0.240928
0.24103
0.2399
0.24
0.238879
0.238976
0.237863
0.237958
0.236853
0.236946
0.235849
0.235939
0.234851
0.234939
0.233858
0.233943
0.232871
0.232954
0.231889
0.23197
0.230914
0.230992
0.229943
0.230019
0.228978
0.229052
0.228019
0.22809
0.227065
0.227134
0.226116
0.226183
0.225173
0.225237
0.224235
0.224297
0.223303
0.223362
0.222375
0.222432
0.221453
0.221508
0.220536
0.220589
0.219625
0.219675
0.218718
0.218766
0.217816
0.217862
0.21692
0.216963
0.216028
0.21607
0.215142
0.215181
0.21426
0.214297
0.213383
0.213419
0.212512
0.212545
0.211645
0.211676
0.210783
0.210811
0.209925
0.209952
0.209073
0.209097
0.208225
0.208247
0.207382
0.207402
0.206543
0.206561
0.205709
0.205725
0.20488
0.204894
0.204056
0.204067
0.203236
0.203245
0.20242
0.202427
0.201609
0.201614
0.200802
0.200805
0.2
0.2
0.199202
0.1992
0.198409
0.198404
0.19762
0.197612
0.196835
0.196825
0.196054
0.196042
0.195278
0.195263
0.194506
0.194488
0.193738
0.193718
0.192975
0.192951
0.192215
0.192189
0.19146
0.191431
0.190709
0.190677
0.189961
0.189928
0.189218
0.189182
0.188479
0.18844
0.187744
0.187702
0.187013
0.186969
0.186286
0.186239
0.185562
0.185513
0.184843
0.184792
0.184127
0.184074
0.183416
0.18336
0.182708
0.18265
0.182003
0.181943
0.181303
0.181241
0.180606
0.180542
0.179914
0.179848
0.179224
0.179157
0.178539
0.178469
0.177857
0.177786
0.177179
0.177106
0.176504
0.17643
0.175833
0.175757
0.175165
0.175088
0.174501
0.174423
0.17384
0.173762
0.173183
0.173103
0.17253
0.172449
0.17188
0.171798
0.171233
0.171151
0.17059
0.170507
0.16995
0.169866
0.169313
0.169229
0.16868
0.168595
0.16805
0.167965
0.167423
0.167338
0.166799
0.166715
0.166179
0.166095
0.165562
0.165478
0.164948
0.164865
0.164338
0.164254
0.16373
0.163648
0.163126
0.163044
0.162525
0.162443
0.161927
0.161846
0.161332
0.161252
0.16074
0.160661
0.160151
0.160073
0.159565
0.159489
0.158983
0.158907
0.158403
0.158328
0.157826
0.157753
0.157252
0.15718
0.156681
0.156611
0.156113
0.156044
0.155548
0.155481
0.154985
0.15492
0.154426
0.154363
0.153869
0.153808
0.153315
0.153256
0.152764
0.152707
0.152216
0.152161
0.151671
0.151617
0.151128
0.151077
0.150588
0.150539
0.150051
0.150004
0.149517
0.149471
0.148985
0.148942
0.148456
0.148415
0.147929
0.14789
0.147405
0.147369
0.146884
0.14685
0.146365
0.146333
0.145849
0.145819
0.145336
0.145308
0.144825
0.144799
0.144316
0.144293
0.14381
0.143789
0.143307
0.143288
0.142806
0.142789
0.142308
0.142293
0.141812
0.141799
0.141318
0.141307
0.140827
0.140818
0.140339
0.140331
0.139852
0.139847
0.139368
0.139364
0.138887
0.138884
0.138408
0.138407
0.137931
0.137931
0.137457
0.137458
0.136984
0.136987
0.136515
0.136518
0.136047
0.136051
0.135582
0.135587
0.135119
0.135124
0.134658
0.134664
0.134199
0.134206
0.133743
0.13375
0.133289
0.133297
0.132837
0.132845
0.132387
0.132395
0.13194
0.131948
0.131494
0.131503
0.131051
0.131059
0.13061
0.130618
0.130171
0.130179
0.129734
0.129742
0.129299
0.129307
0.128866
0.128874
0.128435
0.128443
0.128007
0.128015
0.12758
0.127588
0.127155
0.127163
0.126733
0.12674
0.126312
0.126319
0.125893
0.1259
0.125477
0.125483
0.125062
0.125068
0.124649
0.124655
0.124239
0.124244
0.12383
0.123834
0.123423
0.123427
0.123018
0.123022
0.122615
0.122618
0.122214
0.122217
0.121814
0.121817
0.121417
0.121419
0.121021
0.121023
0.120627
0.120629
0.120235
0.120236
0.119845
0.119846
0.119457
0.119457
0.11907
0.11907
0.118686
0.118685
0.118303
0.118302
0.117921
0.11792
0.117542
0.117541
0.117164
0.117163
0.116788
0.116786
0.116414
0.116412
0.116042
0.116039
0.115671
0.115668
0.115302
0.115299
0.114934
0.114931
0.114569
0.114565
0.114204
0.114201
0.113842
0.113838
0.113481
0.113478
0.113122
0.113118
0.112765
0.112761
0.112409
0.112405
0.112055
0.112051
0.111702
0.111698
0.111351
0.111347
0.111001
0.110997
0.110653
0.110649
0.110307
0.110303
0.109962
0.109958
0.109619
0.109615
0.109277
0.109274
0.108937
0.108934
0.108599
0.108595
0.108261
0.108258
0.107926
0.107922
0.107592
0.107588
0.107259
0.107256
0.106928
0.106925
0.106598
0.106595
0.10627
0.106267
0.105943
0.105941
0.105618
0.105616
0.105294
0.105292
0.104971
0.10497
0.10465
0.104649
0.104331
0.104329
0.104013
0.104011
0.103696
0.103695
0.10338
0.103379
0.103066
0.103066
0.102754
0.102753
0.102442
0.102442
0.102132
0.102132
0.101824
0.101823
0.101516
0.101516
0.10121
0.10121
0.100906
0.100906
0.100603
0.100603
0.100301
0.100301
0.1
0.1
0.0997006
0.0997006
0.0994026
0.0994024
0.0991058
0.0991055
0.0988103
0.0988099
0.0985161
0.0985155
0.0982231
0.0982224
0.0979314
0.0979305
0.097641
0.0976398
0.0973518
0.0973504
0.0970638
0.0970621
0.0967771
0.0967751
0.0964916
0.0964893
0.0962073
0.0962047
0.0959242
0.0959213
0.0956423
0.0956392
0.0953616
0.0953582
0.0950821
0.0950783
0.0948038
0.0947997
0.0945267
0.0945222
0.0942507
0.094246
0.0939759
0.0939708
0.0937023
0.0936969
0.0934298
0.0934241
0.0931584
0.0931524
0.0928882
0.0928819
0.0926192
0.0926125
0.0923512
0.0923443
0.0920844
0.0920771
0.0918187
0.0918112
0.0915541
0.0915463
0.0912906
0.0912825
0.0910283
0.0910199
0.090767
0.0907583
0.0905067
0.0904978
0.0902476
0.0902385
0.0899896
0.0899802
0.0897326
0.089723
0.0894767
0.0894669
0.0892218
0.0892118
0.088968
0.0889579
0.0887152
0.0887049
0.0884635
0.0884531
0.0882128
0.0882022
0.0879631
0.0879525
0.0877145
0.0877037
0.0874669
0.087456
0.0872203
0.0872094
0.0869747
0.0869637
0.0867301
0.0867191
0.0864865
0.0864755
0.0862439
0.0862329
0.0860023
0.0859913
0.0857616
0.0857507
0.085522
0.0855111
0.0852833
0.0852724
0.0850456
0.0850348
0.0848088
0.0847981
0.084573
0.0845624
0.0843382
0.0843277
0.0841043
0.0840939
0.0838713
0.0838611
0.0836393
0.0836293
0.0834082
0.0833984
0.0831781
0.0831684
0.0829488
0.0829394
0.0827205
0.0827112
0.0824931
0.0824841
0.0822666
0.0822578
0.082041
0.0820325
0.0818163
0.081808
0.0815925
0.0815845
0.0813696
0.0813618
0.0811476
0.0811401
0.0809264
0.0809192
0.0807062
0.0806993
0.0804868
0.0804802
0.0802683
0.080262
0.0800506
0.0800446
0.0798338
0.0798281
0.0796178
0.0796125
0.0794027
0.0793977
0.0791885
0.0791838
0.0789751
0.0789707
0.0787625
0.0787584
0.0785507
0.078547
0.0783398
0.0783364
0.0781297
0.0781266
0.0779205
0.0779176
0.077712
0.0777095
0.0775044
0.0775021
0.0772975
0.0772956
0.0770915
0.0770898
0.0768863
0.0768848
0.0766818
0.0766806
0.0764782
0.0764772
0.0762753
0.0762746
0.0760733
0.0760727
0.075872
0.0758716
0.0756714
0.0756713
0.0754717
0.0754717
0.0752727
0.0752729
0.0750745
0.0750748
0.0748771
0.0748774
0.0746804
0.0746808
0.0744844
0.0744849
0.0742892
0.0742897
0.0740948
0.0740953
0.0739011
0.0739016
0.0737081
0.0737087
0.0735159
0.0735164
0.0733244
0.0733249
0.0731336
0.0731341
0.0729436
0.072944
0.0727543
0.0727546
0.0725656
0.072566
0.0723778
0.072378
0.0721906
0.0721907
0.0720041
0.0720042
0.0718183
0.0718183
0.0716332
0.0716331
0.0714489
0.0714486
0.0712652
0.0712648
0.0710822
0.0710817
0.0708999
0.0708993
0.0707182
0.0707176
0.0705373
0.0705365
0.070357
0.0703561
0.0701774
0.0701764
0.0699985
0.0699974
0.0698202
0.069819
0.0696426
0.0696413
0.0694657
0.0694642
0.0692894
0.0692878
0.0691138
0.0691121
0.0689388
0.068937
0.0687644
0.0687625
0.0685908
0.0685888
0.0684177
0.0684156
0.0682453
0.0682431
0.0680735
0.0680712
0.0679024
0.0679
0.0677319
0.0677294
0.067562
0.0675595
0.0673927
0.0673901
0.0672241
0.0672214
0.067056
0.0670533
0.0668886
0.0668858
0.0667218
0.066719
0.0665556
0.0665528
0.06639
0.0663871
0.0662251
0.0662221
0.0660607
0.0660577
0.0658969
0.0658939
0.0657337
0.0657307
0.0655711
0.0655681
0.0654091
0.065406
0.0652476
0.0652446
0.0650868
0.0650838
0.0649265
0.0649235
0.0647668
0.0647638
0.0646077
0.0646048
0.0644492
0.0644462
0.0642912
0.0642883
0.0641338
0.0641309
0.063977
0.0639742
0.0638207
0.0638179
0.063665
0.0636623
0.0635098
0.0635072
0.0633552
0.0633526
0.0632011
0.0631986
0.0630476
0.0630452
0.0628947
0.0628923
0.0627422
0.06274
0.0625904
0.0625882
0.062439
0.0624369
0.0622882
0.0622862
0.0621379
0.062136
0.0619882
0.0619864
0.061839
0.0618373
0.0616903
0.0616887
0.0615422
0.0615406
0.0613945
0.0613931
0.0612474
0.0612461
0.0611008
0.0610996
0.0609547
0.0609536
0.0608091
0.0608081
0.0606641
0.0606631
0.0605195
0.0605187
0.0603754
0.0603747
0.0602319
0.0602312
0.0600888
0.0600883
0.0599463
0.0599458
0.0598042
0.0598038
0.0596627
0.0596623
0.0595216
0.0595213
0.059381
0.0593808
0.0592409
0.0592408
0.0591013
0.0591012
0.0589622
0.0589621
0.0588235
0.0588235
0.0586854
0.0586854
0.0585477
0.0585477
0.0584104
0.0584105
0.0582737
0.0582738
0.0581374
0.0581375
0.0580016
0.0580017
0.0578663
0.0578663
0.0577314
0.0577314
0.057597
0.0575969
0.057463
0.0574629
0.0573295
0.0573294
0.0571965
0.0571963
0.0570639
0.0570637
0.0569317
0.0569315
0.0568
0.0567997
0.0566688
0.0566684
0.056538
0.0565376
0.0564076
0.0564072
0.0562777
0.0562772
0.0561482
0.0561477
0.0560192
0.0560186
0.0558906
0.0558899
0.0557624
0.0557617
0.0556347
0.0556339
0.0555074
0.0555065
0.0553805
0.0553795
0.055254
0.055253
0.055128
0.0551269
0.0550024
0.0550013
0.0548772
0.054876
0.0547524
0.0547512
0.0546281
0.0546268
0.0545042
0.0545028
0.0543806
0.0543792
0.0542575
0.0542561
0.0541348
0.0541333
0.0540125
0.054011
0.0538906
0.053889
0.0537692
0.0537675
0.0536481
0.0536464
0.0535274
0.0535257
0.0534071
0.0534054
0.0532872
0.0532855
0.0531677
0.0531659
0.0530486
0.0530468
0.0529299
0.0529281
0.0528116
0.0528098
0.0526937
0.0526918
0.0525762
0.0525743
0.052459
0.0524571
0.0523423
0.0523404
0.0522259
0.052224
0.0521099
0.052108
0.0519942
0.0519924
0.051879
0.0518771
0.0517641
0.0517623
0.0516496
0.0516478
0.0515355
0.0515337
0.0514217
0.05142
0.0513084
0.0513066
0.0511953
0.0511936
0.0510827
0.051081
0.0509704
0.0509688
0.0508585
0.0508569
0.0507469
0.0507454
0.0506357
0.0506342
0.0505249
0.0505234
0.0504144
0.050413
0.0503043
0.0503029
0.0501945
0.0501932
0.0500851
0.0500838
0.049976
0.0499748
0.0498673
0.0498661
0.0497589
0.0497578
0.0496509
0.0496498
0.0495432
0.0495422
0.0494359
0.0494349
0.0493289
0.049328
0.0492222
0.0492214
0.0491159
0.0491151
0.0490099
0.0490092
0.0489043
0.0489036
0.048799
0.0487984
0.048694
0.0486935
0.0485894
0.0485889
0.0484851
0.0484847
0.0483811
0.0483807
0.0482775
0.0482771
0.0481741
0.0481739
0.0480711
0.0480709
0.0479685
0.0479683
0.0478661
0.047866
0.0477641
0.047764
0.0476624
0.0476623
0.047561
0.047561
0.0474599
0.0474599
0.0473592
0.0473592
0.0472588
0.0472587
0.0471586
0.0471586
0.0470588
0.0470588
0.0469593
0.0469593
0.0468601
0.0468601
0.0467613
0.0467612
0.0466627
0.0466626
0.0465644
0.0465643
0.0464665
0.0464663
0.0463688
0.0463687
0.0462714
0.0462713
0.0461744
0.0461742
0.0460776
0.0460774
0.0459812
0.0459809
0.045885
0.0458846
0.0457892
0.0457887
0.0456936
0.0456931
0.0455983
0.0455978
0.0455034
0.0455027
0.0454087
0.045408
0.0453143
0.0453135
0.0452202
0.0452193
0.0451264
0.0451255
0.0450328
0.0450319
0.0449396
0.0449385
0.0448466
0.0448455
0.0447539
0.0447528
0.0446615
0.0446603
0.0445694
0.0445681
0.0444776
0.0444762
0.0443861
0.0443846
0.0442948
0.0442932
0.0442038
0.0442022
0.0441131
0.0441114
0.0440226
0.0440209
0.0439324
0.0439306
0.0438425
0.0438407
0.0437529
0.043751
0.0436635
0.0436615
0.0435745
0.0435724
0.0434856
0.0434835
0.0433971
0.0433949
0.0433088
0.0433066
0.0432208
0.0432185
0.043133
0.0431307
0.0430455
0.0430431
0.0429583
0.0429559
0.0428713
0.0428689
0.0427846
0.0427821
0.0426981
0.0426956
0.0426119
0.0426094
0.042526
0.0425234
0.0424403
0.0424377
0.0423549
0.0423523
0.0422697
0.0422671
0.0421848
0.0421821
0.0421001
0.0420974
0.0420157
0.042013
0.0419315
0.0419288
0.0418476
0.0418449
0.0417639
0.0417612
0.0416805
0.0416778
0.0415973
0.0415946
0.0415144
0.0415117
0.0414317
0.041429
0.0413493
0.0413466
0.0412671
0.0412644
0.0411851
0.0411825
0.0411034
0.0411008
0.0410219
0.0410193
0.0409407
0.0409381
0.0408596
0.0408572
0.0407789
0.0407764
0.0406983
0.0406959
0.040618
0.0406157
0.040538
0.0405357
0.0404581
0.0404559
0.0403785
0.0403764
0.0402992
0.040297
0.04022
0.040218
0.0401411
0.0401391
0.0400625
0.0400605
0.039984
0.0399821
0.0399058
0.039904
0.0398278
0.0398261
0.03975
0.0397484
0.0396725
0.0396709
0.0395951
0.0395937
0.039518
0.0395166
0.0394412
0.0394399
0.0393645
0.0393633
0.0392881
0.0392869
0.0392118
0.0392108
0.0391358
0.0391349
0.0390601
0.0390592
0.0389845
0.0389838
0.0389091
0.0389085
0.038834
0.0388335
0.0387591
0.0387587
0.0386844
0.0386841
0.0386099
0.0386097
0.0385356
0.0385355
